Từ_1        Từ_2         1    2    3    4    5    6    7    8    9    10   11   12   
cũ          mới          0.5  0.0  0.5  0.5  0.0  0.5  0.5  1.0  0.0  1.0  0.0  0.0  
thông_minh  khôn_ngoan   8.5  8.3  8.0  7.5  8.7  8.1  9.0  8.1  7.9  8.8  7.8  7.9  
khó_khăn    khó          8.5  8.1  8.0  8.0  8.8  8.8  8.0  8.1  7.9  8.5  7.9  7.6  
hạnh_phúc   vui_vẻ       8.0  8.2  9.0  6.6  7.7  7.7  6.0  7.6  7.4  7.8  7.3  7.4  
khó_khăn    dễ           1.0  0.6  0.5  1.0  0.5  1.0  1.0  0.6  0.4  1.5  0.5  0.5  
nhanh       mau_lẹ       8.5  8.7  8.0  6.0  8.6  8.2  8.0  8.1  7.9  8.2  7.7  7.8  
hạnh_phúc   sung_sướng   8.5  8.2  8.5  7.0  8.0  8.9  8.0  8.1  7.9  8.2  8.0  7.7  
ngắn        dài          0.0  0.0  0.0  0.5  0.0  0.0  1.0  1.6  0.0  1.0  1.3  1.4  
ngu_ngốc    đần_độn      8.5  8.4  7.0  9.0  8.9  8.2  9.0  8.1  7.9  8.1  7.9  7.6  
lạ_lùng     lạ           8.0  7.9  8.0  5.0  8.2  7.7  7.0  7.6  7.4  7.6  7.3  7.4  
rộng        hẹp          0.5  0.0  0.5  0.5  0.0  0.0  0.5  0.0  0.5  1.0  0.5  0.5  
tồi         trang_nghiêm 2.0  1.9  2.0  0.5  1.6  1.8  2.0  1.6  1.4  2.4  1.2  1.3  
dễ          khó          0.0  0.0  1.0  0.5  0.0  0.0  1.0  1.1  0.9  0.0  1.0  0.7  
tồi         khủng_khiếp  7.5  7.6  4.3  4.0  7.7  7.5  4.0  7.1  6.9  7.2  6.8  6.9  
khó_khăn    đơn_giản     1.0  0.6  1.0  1.0  0.6  0.7  1.5  0.6  0.4  1.2  0.5  0.5  
thông_minh  đần_độn      1.0  0.0  1.0  0.0  0.5  0.0  0.8  0.0  0.9  0.0  0.8  0.9  
điên_rồ     dở_hơi       8.0  8.1  9.0  9.0  7.6  8.2  7.0  7.6  7.4  7.6  7.5  7.2  
hạnh_phúc   điên         2.5  2.6  1.0  3.0  2.5  2.6  2.0  2.1  1.9  2.0  1.7  1.8  
rộng_lớn    lớn          7.5  7.1  9.0  9.5  7.1  7.9  9.0  7.1  6.9  7.4  7.0  6.7  
khó_khăn    phức_tạp     8.0  7.8  7.0  7.5  7.9  7.6  9.0  7.6  7.4  8.3  7.3  7.4  
mới         tươi         3.0  2.7  5.0  5.0  3.3  2.6  7.0  2.6  2.4  3.4  2.4  2.1  
nhanh_trí   ngu_đần      0.5  0.0  0.5  0.0  0.5  0.0  0.5  0.5  0.5  0.5  0.8  0.9  
nhanh_chóng mau_lẹ       8.5  8.8  8.0  7.0  8.0  8.2  7.0  8.1  7.9  8.8  8.0  7.7  
đần_độn     ngu_xuẩn     8.0  7.3  8.5  7.5  7.9  7.7  8.0  7.6  7.4  7.7  7.2  7.3  
tuyệt_vời   đẹp_đẽ       7.5  7.2  7.0  8.0  7.1  7.5  7.0  7.1  6.9  8.0  7.0  6.7  
lạ          kỳ_lạ        7.5  7.2  7.0  6.0  7.8  7.7  7.0  7.1  6.9  7.0  6.8  6.9  
hạnh_phúc   bất_mãn      2.5  2.9  3.0  3.0  2.8  2.6  2.3  2.1  1.9  2.3  1.9  2.9  
hẹp         rộng_rãi     0.0  1.0  0.0  0.5  1.0  0.5  1.0  1.1  0.9  0.5  0.8  0.9  
đơn_giản    dễ           8.0  8.1  8.5  8.0  7.8  8.1  7.5  7.6  7.4  8.0  7.5  7.2  
cũ          tươi         1.0  1.3  1.0  1.0  0.9  1.5  1.0  0.6  0.4  0.9  0.5  0.5  
hiển_nhiên  rõ_ràng      7.5  7.6  9.0  6.6  7.4  7.5  6.0  7.1  6.9  7.2  7.0  6.7  
hời         rẻ           7.5  7.7  6.0  8.5  7.5  7.8  7.0  7.1  6.9  7.4  6.8  6.9  
đẹp         hào_phóng    5.5  5.6  7.0  3.5  6.0  5.4  5.5  5.1  4.9  5.1  4.9  4.6  
lạ_lùng     bình_thường  2.5  2.0  3.0  3.0  3.0  2.6  3.0  2.1  1.9  2.2  1.8  1.9  
lạ_lùng     kỳ_lạ        8.5  8.4  8.0  8.0  8.4  8.8  7.0  8.1  7.9  8.8  8.0  7.7  
tồi         xấu_xa       8.0  7.7  8.0  6.6  7.9  7.8  6.0  7.6  7.4  7.7  7.2  7.3  
buồn        hài_hước     2.5  2.3  2.0  0.5  2.9  2.8  1.0  2.1  1.9  2.2  2.0  1.7  
tuyệt_vời   vĩ_đại       6.5  6.7  5.0  5.0  6.8  6.7  6.0  6.1  5.9  6.8  5.8  5.9  
tội_lỗi     hổ_thẹn      7.0  6.5  6.0  6.5  7.1  6.9  5.0  6.6  6.4  7.2  6.4  6.1  
xinh_đẹp    tuyệt_vời    7.5  7.6  6.0  7.0  7.8  7.7  6.0  7.1  6.9  7.5  6.8  6.9  
tự_tin      chắc_chắn    8.0  8.2  5.0  7.0  7.5  7.8  6.0  7.6  7.4  8.2  7.5  7.2  
đần_độn     ngu_si       8.5  8.4  9.0  10.0 8.0  8.8  8.0  8.1  7.9  8.8  7.7  7.8  
rộng_lớn    mênh_mông    9.0  8.7  8.5  7.6  8.8  9.3  7.0  8.6  8.4  9.2  8.5  8.2  
đẹp         độc_ác       4.5  3.9  2.0  2.5  4.6  4.2  3.0  4.1  3.9  5.0  3.8  3.9  
nóng_nảy    lo_lắng      5.0  4.4  5.0  4.5  4.6  4.9  5.0  4.6  4.4  4.9  4.4  4.1  
mênh_mông   rộng_rãi     8.5  8.8  8.0  6.5  8.7  8.3  6.0  8.1  7.9  8.4  7.8  7.9  
mạnh_mẽ     tự_hào       5.5  5.6  4.0  1.0  5.8  5.4  3.0  5.1  4.9  5.7  5.0  4.7  
vô_ích      cần_thiết    1.0  1.0  1.0  1.0  1.3  0.6  1.0  0.6  0.4  1.5  0.5  0.5  
hiếu_động   trẻ          4.5  5.0  5.0  5.5  4.8  4.8  5.0  4.1  3.9  4.3  4.0  3.7  
đần_độn     khôn_ngoan   0.0  0.0  0.5  0.5  0.0  0.0  1.0  1.0  0.0  1.0  1.3  1.4  
tồi         vĩ_đại       1.5  1.1  0.5  0.5  1.0  1.9  1.0  1.1  0.9  1.5  0.9  0.6  
khó         đơn_giản     2.0  1.9  2.0  1.5  1.9  2.1  1.0  1.6  1.4  1.6  1.3  1.4  
cần_thiết   quan_trọng   8.0  8.4  9.0  6.5  7.7  7.9  7.0  7.6  7.4  7.5  7.5  7.2  
tồi         đẹp_đẽ       0.5  0.5  0.5  1.0  1.4  1.0  1.0  1.1  0.0  1.7  0.7  0.8  
điên        sung_sướng   1.5  1.9  2.0  5.0  1.9  1.2  3.0  1.1  0.9  1.6  1.0  0.7  
thật_thà    tội_lỗi      2.0  1.8  1.0  1.0  1.6  2.5  3.0  1.6  1.4  2.3  1.3  1.4  
dễ          phức_tạp     1.0  1.6  1.0  0.5  1.0  1.9  1.0  0.5  1.4  0.5  1.4  1.1  
dễ          linh_hoạt    2.5  2.0  2.0  4.6  2.0  2.8  4.0  2.1  1.9  2.7  1.8  1.9  
nhất_định   chắc_chắn    7.5  7.2  8.0  6.6  7.3  7.7  6.0  7.1  6.9  7.8  7.0  6.7  
thiết_yếu   cần_thiết    8.5  8.2  7.0  8.0  8.8  8.1  7.0  8.1  7.9  8.5  7.7  7.8  
khác_biệt   bình_thường  2.5  2.2  3.0  5.5  2.2  2.4  4.0  2.1  1.9  2.8  2.0  1.7  
gian_xảo    tài_giỏi     1.5  1.5  2.5  6.0  1.4  1.5  4.0  1.1  0.9  1.2  0.8  0.9  
chủ_yếu     quan_trọng   7.5  7.9  6.0  5.6  7.1  7.1  5.0  7.1  6.9  7.7  6.9  6.6  
tàn_nhẫn    độc_ác       9.0  8.4  8.0  10.0 9.1  9.4  8.0  8.6  8.4  9.3  8.3  8.4  
ngây_ngô    ngu_xuẩn     7.0  6.5  8.0  6.5  6.6  6.6  7.0  6.6  6.4  7.2  6.5  6.2  
khan_hiếm   quý_hiếm     7.5  7.5  6.5  8.5  7.2  7.7  8.0  7.1  6.9  7.5  6.7  6.8  
thân_thiện  hào_phóng    5.5  5.4  4.0  5.0  5.9  5.9  6.0  5.1  4.9  5.5  5.0  4.7  
mong_manh   lạnh_nhạt    4.0  3.4  2.0  4.0  3.6  3.9  2.0  3.6  3.4  4.1  3.3  3.4  
dài         hẹp          4.5  4.1  1.0  3.6  4.8  5.0  3.0  4.1  3.9  5.0  3.9  3.6  
mênh_mông   nặng         1.5  1.7  1.0  3.5  1.7  1.3  3.0  1.1  0.9  1.4  0.8  0.9  
thô         lạnh_nhạt    5.0  5.0  3.0  2.0  5.0  5.3  2.0  4.6  4.4  4.9  4.5  4.2  
kỳ_quái     lạ           7.5  7.4  6.0  6.5  7.1  7.6  7.0  7.1  6.9  7.4  6.7  6.8  
phi_pháp    xấu_xa       7.0  7.0  6.5  5.6  7.4  6.8  5.0  6.6  6.4  6.5  6.5  6.2  
tồi         tội_lỗi      6.5  6.4  6.0  5.0  6.5  7.0  5.0  6.1  5.9  6.2  5.8  5.9  
hiện_đại    cổ_xưa       0.5  1.0  1.0  0.5  1.7  1.0  2.0  1.1  0.9  1.8  0.9  0.6  
mới         cổ_xưa       1.0  1.0  2.0  1.1  1.8  1.5  0.5  1.6  1.4  1.0  1.3  1.4  
ngu_đần     hài_hước     1.5  1.4  1.0  1.6  1.9  2.0  1.0  1.1  0.9  1.1  1.0  0.7  
hạnh_phúc   trẻ          3.0  2.1  4.0  2.0  2.7  2.4  2.0  3.0  3.0  3.0  1.7  2.1  
dễ          mênh_mông    0.5  0.7  0.0  0.0  0.2  0.3  1.2  0.1  0.0  0.2  0.0  0.0  
vĩ_đại      trang_nghiêm 6.5  6.5  4.0  4.5  6.5  6.9  2.5  6.1  5.9  6.8  5.8  5.9  
nhỏ         lớn          0.0  0.8  0.0  0.0  0.2  0.1  1.0  0.1  0.0  0.0  0.0  0.0  
lịch_sự     chân_chính   3.5  3.1  5.0  6.0  3.6  3.3  5.0  3.1  2.9  4.0  2.8  2.9  
khiêm_tốn   hổ_thẹn      3.0  3.4  6.0  4.0  3.2  2.7  3.0  2.6  2.4  2.9  2.5  2.2  
quý_giá     quý_hiếm     7.5  6.8  8.0  8.5  7.0  7.6  8.0  7.1  6.9  7.0  6.7  6.8  
đần_độn     tài_giỏi     1.0  0.5  0.0  2.0  1.0  0.5  1.0  1.6  1.4  1.8  1.5  1.2  
hân_hoan    tuyệt_vời    6.5  6.0  8.0  5.0  6.5  6.6  6.0  6.1  5.9  6.1  5.8  5.9  
đáng_kể     rõ_ràng      2.5  2.6  6.3  6.6  2.4  2.2  6.0  2.1  1.9  2.3  1.9  1.6  
hoảng_sợ    lo_lắng      8.0  7.8  6.5  7.0  7.8  7.8  7.5  7.6  7.4  7.6  7.3  7.4  
ngay_thẳng  chân_chính   9.0  8.6  7.0  7.5  8.9  9.2  7.0  8.6  8.4  9.4  8.5  8.2  
tồi_tàn     ngu_đần      3.5  3.6  4.0  2.6  3.1  3.1  2.0  3.1  2.9  3.3  2.7  2.8  
hân_hoan    vui_vẻ       8.0  7.7  7.5  9.5  7.6  8.1  8.0  7.6  7.4  8.5  7.5  7.2  
bất_hạnh    điên         4.0  3.8  3.0  5.0  3.7  3.9  4.0  3.6  3.4  3.9  3.3  3.4  
buồn        khủng_khiếp  7.0  6.9  6.0  5.1  6.8  7.4  4.5  6.6  6.4  6.6  6.4  6.1  
ốm          dở_hơi       2.5  1.9  1.0  4.6  3.0  2.1  4.0  2.1  1.9  2.3  1.8  1.9  
mãnh_liệt   bất_mãn      3.0  2.5  1.0  2.6  3.3  2.8  2.0  2.6  2.4  3.1  2.5  2.2  
đầy         nặng         6.0  6.0  5.5  4.0  5.6  6.1  5.0  5.6  5.4  5.7  5.2  5.3  
bẩn         rẻ           5.5  5.0  3.0  2.6  5.4  5.7  2.0  5.1  4.9  5.1  5.0  4.7  
co_giãn     linh_hoạt    6.0  5.6  6.0  6.6  6.4  6.3  6.0  5.6  5.4  5.5  5.3  5.4  
khó_khăn    ngu_si       1.5  1.2  2.0  3.0  1.1  1.7  2.0  1.1  0.9  1.4  0.9  0.6  
gần         mới          1.0  1.0  1.0  4.5  1.0  0.7  3.0  0.6  0.4  0.8  0.5  0.5  
dũng_cảm    tự_hào       6.0  6.3  4.0  5.0  6.0  6.4  4.0  5.6  5.4  5.8  5.5  5.2  
gian_xảo    lạ           1.0  0.6  2.0  0.0  0.6  0.6  2.0  0.6  0.4  1.2  0.5  0.5  
lạ          gian_xảo     1.0  1.3  2.0  3.0  1.1  1.3  2.0  0.6  0.4  0.6  0.5  0.5  
đần_độn     quý_hiếm     0.5  0.8  1.0  0.0  0.1  0.2  1.0  0.1  0.0  0.1  0.0  0.0  
gian_xảo    phức_tạp     1.0  0.5  0.0  1.5  1.4  1.4  0.5  0.6  0.4  1.0  0.5  0.5  
đẹp_đẽ      điên         1.5  1.8  1.0  2.0  1.2  1.9  1.0  1.1  0.9  1.9  0.8  0.9  
khiêm_tốn   linh_hoạt    1.0  1.1  1.0  1.6  0.7  1.4  1.0  0.6  0.4  0.6  0.5  0.5  
tươi        rộng         1.5  1.1  0.0  1.0  1.4  1.4  0.5  1.1  0.9  1.1  0.7  0.8  
lớn         đần_độn      0.5  0.1  2.0  0.0  0.6  1.0  0.7  0.1  0.0  0.5  0.0  0.0  
rộng_lớn    linh_hoạt    2.0  2.2  1.0  3.5  1.6  2.0  1.5  1.6  1.4  2.1  1.3  1.4  
bẩn         hẹp          2.5  2.2  1.0  0.0  2.9  2.7  1.5  2.1  1.9  2.9  1.9  1.6  
vợ          chồng        3.5  3.1  3.3  3.6  3.3  3.1  3.0  3.1  2.9  3.5  2.8  2.9  
sách        chữ          6.0  5.6  7.5  6.6  5.7  5.6  6.0  5.6  5.4  6.0  5.5  5.2  
chú_rể      cô_dâu       3.5  3.0  4.3  4.6  3.5  3.5  4.0  3.1  2.9  3.2  2.7  2.8  
ban_đêm     ban_ngày     2.0  2.3  3.0  4.0  1.9  2.3  2.0  1.6  1.4  1.9  1.5  1.2  
nam         bắc          2.5  2.1  3.0  5.0  2.9  2.8  3.0  2.1  1.9  3.0  1.8  1.9  
máy_bay     sân_bay      4.5  4.3  4.3  5.0  4.1  4.1  4.0  4.1  3.9  4.9  3.9  3.6  
chú         cô           3.5  3.1  8.0  5.6  3.6  3.6  5.0  3.1  2.9  3.3  2.8  2.9  
trâu        ngựa         5.0  4.8  8.5  8.0  5.4  5.0  7.0  4.6  4.4  5.1  4.5  4.2  
đáy         đỉnh         2.0  1.3  3.0  0.0  1.8  2.2  1.5  1.6  1.4  1.9  1.2  1.3  
bạn         bạn_bè       8.0  8.3  7.5  9.0  8.4  8.3  8.0  7.6  7.4  8.2  7.5  7.2  
sinh_viên   học_sinh     7.0  6.4  8.5  8.5  6.6  6.5  7.5  6.6  6.4  7.5  6.3  6.4  
thế_giới    trái_đất     7.5  7.5  8.5  9.0  7.2  7.2  8.0  7.1  6.9  7.1  6.9  6.6  
chân        tay          3.0  2.3  6.0  3.6  2.9  3.3  3.0  2.6  2.4  2.8  2.3  2.4  
máy_bay     máy_bay_phản_lực 5.5  5.5  7.0  8.5  5.2  5.0  9.0  5.1  4.9  5.9  5.0  4.7  
phụ_nữ      đàn_ông      3.5  3.4  4.0  5.6  3.0  3.5  5.0  3.1  2.9  3.1  2.7  2.8  
trâu        cừu          4.0  3.5  6.0  9.5  4.1  3.7  8.0  3.6  3.4  3.7  3.5  3.2  
cô_giáo     thầy_giáo    5.0  5.2  7.0  9.0  4.9  5.3  7.0  4.6  4.4  5.1  4.3  4.4  
giáo_viên   giảng_viên   8.5  8.0  8.5  9.5  8.8  8.1  8.5  8.1  7.9  8.1  7.9  7.6  
điện_ảnh    phim         7.5  7.1  7.0  6.6  7.3  7.5  6.0  7.1  6.9  7.3  6.8  6.9  
chim        diều_hâu     7.5  7.8  4.0  7.5  7.3  7.5  6.0  7.1  6.9  7.6  7.0  6.7  
từ          từ_điển      7.0  6.9  6.0  5.1  6.7  6.9  4.5  6.6  6.4  6.6  6.2  6.3  
tiền        lương        7.5  7.1  5.5  7.0  7.8  7.8  7.0  7.1  6.9  7.0  7.0  6.7  
chó         mèo          3.0  2.7  3.0  2.6  3.0  3.0  2.0  2.6  2.4  3.0  2.3  2.4  
vùng        miền         8.5  8.8  7.0  7.5  8.2  8.4  8.0  8.1  7.9  9.0  7.9  7.6  
hải_quân    quân_đội     7.5  7.0  5.0  8.0  7.5  7.0  7.0  7.1  6.9  7.2  6.8  6.9  
sách        văn_học      7.0  6.5  6.0  7.5  6.9  6.8  6.0  6.6  6.4  7.0  6.5  6.2  
quần_áo     tủ           6.5  6.2  4.0  6.0  6.1  6.7  4.5  6.1  5.9  6.7  5.7  5.8  
hoàng_hôn   rạng_đông    2.5  2.0  3.0  3.5  2.2  2.6  2.5  2.1  1.9  2.5  2.0  2.5  
trẻ_em      người_lớn    2.0  2.2  3.0  5.0  1.7  2.1  4.0  1.6  1.4  2.3  1.3  1.4  
bò          gia_súc      7.0  7.3  5.5  7.5  6.8  7.0  6.0  6.6  6.4  7.2  6.4  6.1  
sách        truyện_ngắn  6.5  6.1  6.0  6.5  6.1  6.9  6.0  6.1  5.9  6.2  5.8  5.9  
mùa_đông    mùa_hè       2.0  1.9  4.0  5.0  1.6  2.4  4.0  1.6  1.4  1.7  1.5  3.0  
taxi        xe_tải       2.5  1.7  5.0  8.1  2.4  3.0  7.5  2.1  1.9  2.6  1.7  1.8  
cây         tre          6.0  6.1  5.0  6.5  5.7  5.6  6.5  5.6  5.4  5.6  5.5  5.2  
giường      buồng        4.0  4.3  4.0  6.1  4.4  4.2  5.5  3.6  3.4  4.2  3.3  3.4  
mái         trần         7.0  7.2  8.0  7.0  6.6  7.5  7.0  6.6  6.4  6.7  6.4  6.1  
bệnh        nhiễm_trùng  6.5  6.6  7.0  7.0  6.7  6.9  7.0  6.1  5.9  6.3  5.8  5.9  
tay         vai          3.5  3.2  6.0  4.1  3.4  4.0  3.5  3.1  2.9  3.7  3.0  2.7  
lợn         chân_giò     6.0  6.0  6.5  7.0  6.3  6.2  6.5  5.6  5.4  5.5  5.2  5.3  
bà          ông          3.5  3.6  4.3  4.6  3.7  3.9  4.0  3.1  2.9  3.5  3.0  2.7  
thuyền      mỏ_neo       6.0  5.3  6.5  4.1  6.1  6.2  3.5  5.6  5.4  6.1  5.3  5.4  
thầy_tu     nhà_sư       8.0  7.8  7.5  9.5  7.7  7.7  7.5  7.6  7.4  7.6  7.4  7.1  
ngón        ngón_trỏ     6.5  6.4  6.0  8.0  6.7  6.9  7.5  6.1  5.9  6.2  5.8  5.9  
sông        suối         5.5  5.0  7.0  7.5  5.1  5.8  8.0  5.1  4.9  5.1  5.0  4.7  
lôi_đình    tam_bành     9.0  8.4  6.5  9.5  9.0  9.5  8.5  8.6  8.4  8.6  8.2  8.3  
ngày_tháng  lịch         6.5  6.9  5.8  5.6  6.1  7.0  5.0  6.1  5.9  6.1  6.0  5.7  
biển        đại_dương    7.5  7.3  8.0  7.5  8.0  7.3  9.0  7.1  6.9  7.2  6.8  6.9  
giây        phút         4.5  4.6  6.0  7.5  4.2  4.3  6.5  4.1  3.9  4.1  3.9  3.6  
bàn_tay     ngón_cái     6.0  6.0  6.5  5.1  6.2  6.3  4.5  5.6  5.4  6.3  5.3  5.4  
gỗ          cây_gỗ       7.5  7.3  6.5  7.6  7.7  7.2  7.0  7.1  6.9  7.2  7.0  6.7  
chất_thải   rác          8.0  7.4  5.5  7.5  7.9  7.8  6.5  7.6  7.4  8.3  7.2  7.3  
hành_lang   lối          7.0  7.4  5.5  5.5  7.3  6.9  6.0  6.6  6.4  6.9  6.5  6.2  
cách_thức   phương_pháp  9.5  9.1  6.8  7.5  10.0 9.6  7.0  9.1  8.9  9.6  8.8  8.9  
chuột       mèo          2.0  1.8  3.0  2.6  1.6  1.6  2.0  1.6  1.4  2.2  1.4  1.1  
công_an     cảnh_sát     7.0  7.1  7.0  7.0  6.5  7.1  8.5  6.6  6.4  7.2  6.3  6.4  
thi_thể     tang_lễ      5.5  5.5  5.5  5.5  5.1  6.0  5.0  5.1  4.9  5.9  5.0  4.7  
âm_nhạc     giai_điệu    8.5  8.2  7.5  6.5  8.0  8.1  6.5  8.1  7.9  8.0  7.7  7.8  
bia         cồn          7.0  7.5  6.5  6.5  6.8  7.4  7.0  6.6  6.4  6.8  6.5  6.2  
miệng       môi          6.0  5.3  6.5  9.0  6.1  6.2  7.5  5.6  5.4  5.9  5.3  5.4  
bão         giông        8.0  7.8  7.5  8.5  8.3  7.5  7.5  7.6  7.4  8.2  7.4  7.1  
thuế        doanh_thu    2.0  2.8  6.0  4.6  2.2  2.4  4.0  2.1  1.9  2.0  1.8  1.9  
hoa         cúc          6.0  6.3  5.0  7.0  6.3  6.3  6.0  5.6  5.4  6.3  5.5  5.2  
giấy        bìa          8.0  8.0  6.0  6.5  8.2  7.9  4.5  7.6  7.4  7.6  7.2  7.3  
sàn         trần         2.0  2.2  2.0  3.5  1.6  1.9  2.5  1.6  1.4  1.8  1.5  1.2  
bãi_tắm     vịnh         7.0  6.7  5.0  6.0  6.9  6.9  6.5  6.6  6.4  7.4  6.3  6.4  
gậy         rèm          1.5  0.9  2.0  3.0  1.6  1.7  1.0  1.1  0.9  1.6  0.9  0.6  
linh_cẩu    cáo          7.0  6.3  5.5  5.0  7.2  6.6  4.0  6.6  6.4  6.9  6.3  6.4  
đường_phố   ngõ_hẻm      3.5  3.1  6.0  7.0  3.6  3.6  5.0  3.1  2.9  3.7  3.0  2.7  
thuyền      boong        6.0  6.1  6.7  6.5  6.1  6.2  5.5  5.6  5.4  5.6  5.2  5.3  
xe_hơi      còi          4.0  3.9  4.0  1.6  4.5  3.7  1.0  3.6  3.4  3.5  3.5  3.2  
bạn         khách        4.5  3.9  5.5  5.5  4.2  5.0  5.0  4.1  3.9  4.3  3.8  3.9  
chủ         nhân_viên    5.5  5.3  4.0  4.1  5.1  5.8  3.5  5.1  4.9  6.0  4.9  4.6  
bàn_tay     cổ_tay       6.0  5.8  7.5  5.1  6.3  6.5  4.5  5.6  5.4  6.2  5.3  5.4  
bóng        đại_bác      1.0  1.1  1.0  3.6  0.7  0.8  3.0  0.6  0.4  1.2  0.5  0.5  
cồn         rượu_nếp     7.5  6.9  6.0  7.5  7.5  7.2  6.0  7.1  6.9  7.1  6.7  6.8  
thắng_lợi   chiến_thắng  9.5  9.8  7.5  9.5  9.1  9.7  8.0  9.1  8.9  9.9  9.0  8.7  
điện_thoại  gian_hàng    2.5  2.3  1.0  2.6  2.1  2.1  2.0  2.1  1.9  2.2  1.8  1.9  
cửa         ngõ          3.0  3.1  6.0  6.0  3.2  3.2  6.5  2.6  2.4  3.2  2.4  2.1  
nhà_trọ     nhà_nghỉ     7.0  6.7  7.0  7.0  6.8  6.6  8.5  6.6  6.4  7.4  6.3  6.4  
quần_áo     vải          6.5  6.8  6.0  5.6  6.9  6.3  5.0  6.1  5.9  6.3  6.0  5.7  
chả_lụa     thịt         6.5  5.9  5.0  7.5  6.4  6.1  6.5  6.1  5.9  6.9  5.7  5.8  
móng        ngón_cái     4.0  4.3  5.0  4.6  3.9  4.0  4.0  3.6  3.4  4.3  3.5  3.2  
ban_nhạc    dàn_nhạc     6.0  5.9  7.0  8.5  5.8  6.3  7.5  5.6  5.4  6.2  5.3  5.4  
sách        kinh_thánh   6.0  5.7  4.6  6.5  6.0  6.2  5.0  5.6  5.4  6.2  5.4  5.1  
thương_mại  công_nghiệp  5.5  5.4  6.0  6.5  5.0  5.6  6.5  5.1  4.9  5.7  4.8  4.9  
mùa_đông    mùa          6.5  6.9  5.0  8.0  6.1  6.5  7.0  6.1  5.9  6.1  6.0  5.7  
thập_kỷ     thế_kỷ       6.0  5.6  5.5  7.5  6.3  5.7  6.0  5.6  5.4  6.1  5.2  5.3  
cồn         rượu_trắng   8.0  8.3  5.0  7.0  8.0  7.7  7.0  7.6  7.4  7.8  7.5  7.2  
mũ          áo           4.5  4.6  5.7  4.1  4.8  4.8  3.5  4.1  3.9  5.0  3.8  3.9  
cửa_sổ      cửa          7.0  6.9  6.8  8.0  6.9  6.7  7.5  6.6  6.4  7.0  6.4  6.1  
tay         cổ_tay       5.5  5.1  7.0  7.0  5.3  5.5  5.5  5.1  4.9  5.1  4.8  4.9  
nhà         căn_hộ       8.0  8.0  7.0  9.0  8.0  8.5  7.0  7.6  7.4  8.3  7.5  7.2  
ly          pha_lê       6.0  5.4  6.0  6.0  5.6  6.1  4.0  5.6  5.4  6.2  5.2  5.3  
rượu        rượu_nếp     7.5  7.1  8.0  8.0  7.2  7.7  9.0  7.1  6.9  7.5  7.0  6.7  
nghệ_sĩ     nghệ_nhân    7.0  6.9  7.5  8.5  7.3  7.1  6.5  6.6  6.4  7.1  6.3  6.4  
bữa_ăn      thức_ăn      6.0  5.8  5.5  5.6  5.9  5.5  5.0  5.6  5.4  6.3  5.4  5.1  
tay         cơ_bắp       4.5  3.8  2.8  3.1  4.6  4.9  2.5  4.1  3.9  4.9  3.8  3.9  
bọt         xà_phòng     6.0  6.0  4.5  6.1  5.6  6.0  5.5  5.6  5.4  6.3  5.5  5.2  
bánh_dẻo    bột          6.5  6.2  2.0  5.1  6.9  7.0  4.5  6.1  5.9  6.5  5.7  5.8  
thi_thể     thảm_kịch    4.0  3.6  3.0  4.0  4.5  3.9  3.5  3.6  3.4  4.1  3.5  3.2  
tiềm_năng   biểu_hiện    2.5  2.7  4.0  1.6  2.0  2.8  1.0  2.1  1.9  2.4  1.8  1.9  
súng        đại_bác      4.0  4.0  5.5  6.5  3.6  4.1  6.5  3.6  3.4  4.2  3.4  3.1  
cỏ          ngọn         5.0  4.9  4.0  4.1  4.9  5.1  3.5  4.6  4.4  5.4  4.3  4.4  
bóng        rổ           3.5  3.9  4.0  1.6  3.7  3.2  1.0  3.1  2.9  3.6  3.0  2.7  
vòi_nước    vườn         2.0  2.1  0.0  1.6  2.1  1.8  1.0  1.6  1.4  2.2  1.2  1.3  
trai        trẻ_con      4.0  3.5  3.0  5.5  3.6  3.8  5.0  3.6  3.4  3.8  3.5  3.2  
nhà_thờ     hợp_xướng    1.5  1.6  3.0  2.6  1.2  1.7  2.0  1.1  0.9  2.0  0.8  0.9  
quần_áo     ngăn_kéo     3.5  3.7  3.8  4.0  3.3  4.0  3.5  3.1  2.9  3.5  2.9  2.6  
cao_ốc      chuông       2.0  1.3  1.0  2.0  2.0  1.7  1.0  1.6  1.4  2.0  1.3  1.4  
cha         cha_mẹ       7.5  7.2  7.5  9.0  7.5  7.1  7.0  7.1  6.9  7.2  7.0  6.7  
trường_học  cấp          5.0  5.0  4.5  5.0  5.4  5.2  4.0  4.6  4.4  4.5  4.2  4.3  
cha_mẹ      người_lớn    4.5  4.3  5.0  6.0  4.2  4.3  5.5  4.1  3.9  4.8  4.0  3.7  
nhà_hàng    nhà_tù       1.5  1.4  4.0  2.1  1.8  1.7  1.5  1.1  0.9  1.3  0.8  0.9  
xe_hơi      đường_cao_tốc 3.0  3.3  5.5  3.1  2.6  2.8  2.5  2.6  2.4  3.2  2.4  2.1  
từ_điển     ngữ_nghĩa    5.0  4.5  5.5  6.5  5.4  4.5  6.5  4.6  4.4  4.5  4.3  4.4  
cửa         hầm          2.0  2.1  2.3  2.6  2.3  2.4  2.0  1.6  1.4  2.3  1.5  1.2  
quân_đội    lữ_đoàn      5.5  4.9  6.5  7.0  5.5  5.7  6.5  5.1  4.9  5.5  4.7  4.8  
kim_loại    nhôm         6.0  6.0  5.5  7.5  5.7  6.3  6.0  5.6  5.4  6.2  5.5  5.2  
ghế         bàn          3.5  3.0  6.0  4.6  3.7  3.5  4.0  3.1  2.9  3.0  2.8  2.9  
mây         sương_mù     6.5  6.8  5.5  7.5  6.1  6.4  5.5  6.1  5.9  7.0  5.9  5.6  
trai        con_trai     7.5  7.4  7.0  8.0  7.5  7.7  6.5  7.1  6.9  7.8  6.8  6.9  
nước        băng_tuyết   7.0  7.0  4.0  3.6  6.9  7.0  3.0  6.6  6.4  7.4  6.5  6.2  
giường      màn          3.5  3.3  6.0  3.6  3.9  3.4  3.0  3.1  2.9  3.5  2.7  2.8  
luật_sư     luật_gia     8.5  8.6  6.5  8.0  9.0  8.8  9.0  8.1  7.9  8.7  8.0  7.7  
vùng        khu_vực      8.0  7.5  7.0  9.0  8.5  8.1  7.6  7.6  7.4  7.5  7.3  7.4  
thương_mại  công_ty      5.5  5.8  5.0  8.0  5.9  5.1  6.0  5.1  4.9  5.6  4.9  4.6  
quần_áo     vải_vóc      6.0  5.8  5.0  6.6  6.1  5.6  6.0  5.6  5.4  6.0  5.3  5.4  
sơ_mi       áo_choàng    4.5  4.1  6.0  7.0  5.0  4.3  6.8  4.1  3.9  5.0  4.0  3.7  
tiền        vốn          7.5  7.3  6.0  7.0  7.8  7.1  6.0  7.1  6.9  7.5  6.7  6.8  
bàn_tay     bàn_chân     3.5  3.2  6.0  8.0  3.6  3.6  6.0  3.1  2.9  3.4  3.0  2.7  
cồn         rượu_cần     7.0  6.7  6.5  7.5  7.4  7.2  6.5  6.6  6.4  7.1  6.3  6.4  
thước       li           5.5  5.8  2.3  2.6  5.0  5.6  2.0  5.1  4.9  5.5  4.9  4.6  
phân_tử     nguyên_tử    5.5  5.2  6.0  8.0  5.2  5.8  6.0  5.1  4.9  5.1  4.8  4.9  
thấu_kính   máy_ảnh      4.5  4.2  7.5  5.6  4.7  4.3  5.0  4.1  3.9  4.7  4.0  3.7  
bữa         bữa_ăn       4.0  3.4  8.5  8.5  4.2  3.9  9.7  3.6  3.4  3.9  3.2  3.3  
mắt         nước_mắt     5.5  5.9  6.0  4.6  5.1  5.3  4.0  5.1  4.9  5.5  5.0  4.7  
thánh_thần  ma_quỷ       2.0  2.1  3.0  5.0  1.8  1.9  3.5  1.6  1.4  2.0  1.3  1.4  
vòng        dây_lưng     4.5  4.6  3.0  2.1  4.8  4.9  1.5  4.1  3.9  4.6  3.9  3.6  
chuột_nhắt  chuột        6.5  6.8  7.5  7.5  6.8  6.2  8.0  6.1  5.9  6.3  5.8  5.9  
động_cơ     máy          7.5  7.5  7.0  8.0  7.7  7.8  6.7  7.1  6.9  7.3  7.0  6.7  
xe_hơi      xe_tải       3.5  2.8  5.5  7.5  4.0  3.8  7.0  3.1  2.9  3.7  2.7  2.8  
mèo         sư_tử        4.0  4.1  4.5  6.0  3.7  4.3  6.7  3.6  3.4  3.6  3.5  3.2  
cỡ          cường_độ     1.5  1.3  5.0  5.0  1.7  1.7  5.5  1.1  0.9  1.7  0.8  0.9  
thực_tế     ảo_tưởng     0.0  1.1  0.0  0.0  0.5  1.3  1.0  0.6  0.4  1.0  0.5  0.5  
cửa         cổng         4.0  3.8  8.0  7.5  4.0  3.6  8.0  3.6  3.4  4.0  3.3  3.4  
mèo         vật_nuôi     6.0  5.6  7.0  7.0  6.1  5.6  5.0  5.6  5.4  5.9  5.5  5.2  
thiếc       nhôm         5.0  5.0  6.5  4.6  4.7  4.9  4.0  4.6  4.4  5.2  4.2  4.3  
xương       hàm          6.5  6.7  6.0  5.6  6.6  6.2  5.0  6.1  5.9  6.5  6.0  5.7  
lương_thực  lúa_nước     7.0  6.7  7.0  4.6  6.5  6.6  4.0  6.6  6.4  7.4  6.3  6.4  
nhà         sổ_đỏ        3.5  3.2  6.0  3.6  3.2  3.9  3.0  3.1  2.9  3.4  2.9  2.6  
máu         hồng_cầu     8.0  7.4  7.5  9.0  7.8  8.2  7.0  7.6  7.4  8.2  7.3  7.4  
cửa         lối          7.5  7.2  6.0  6.6  7.4  7.7  6.0  7.1  6.9  7.8  7.0  6.7  
thánh_thần  linh_hồn     3.5  2.9  6.0  7.0  3.4  3.2  6.7  3.1  2.9  3.2  2.7  2.8  
khả_năng    năng_lực     8.5  8.1  8.0  8.5  8.8  8.6  7.5  8.1  7.9  8.0  8.0  7.7  
triệu_phú   tỷ_phú       7.0  6.9  8.0  8.0  6.6  7.3  7.5  6.6  6.4  6.9  6.3  6.4  
ghế_tựa     ghế          7.5  7.5  8.5  8.5  7.6  7.9  8.6  7.1  6.9  7.5  6.9  6.6  
tường       gạch         4.5  4.1  6.5  5.6  4.6  4.4  5.0  4.1  3.9  4.5  3.8  3.9  
còi         trống        2.5  2.5  7.0  4.6  2.4  2.5  4.0  2.1  1.9  3.0  2.0  1.7  
phủ_tạng    gan          6.5  6.5  8.0  8.0  6.1  6.2  6.0  6.1  5.9  6.7  5.7  5.8  
sức_mạnh    vũ_lực       7.0  7.0  7.0  6.5  7.0  6.6  7.0  6.6  6.4  7.3  6.5  6.2  
lời_lẽ      từ           7.5  7.6  7.5  7.0  7.6  7.7  7.0  7.1  6.9  7.5  6.8  6.9  
ban_nhạc    show         5.0  5.2  3.3  3.6  5.5  5.1  3.0  4.6  4.4  5.2  4.4  4.1  
bụng        eo           4.5  4.7  8.5  6.6  4.1  4.9  6.0  4.1  3.9  4.2  3.8  3.9  
mây         bão          2.5  2.8  4.3  4.6  2.9  2.6  4.0  2.1  1.9  2.2  2.0  1.7  
tin_vui     vinh_dự      2.5  2.6  7.5  6.0  2.0  2.0  5.0  2.1  1.9  2.5  1.7  3.1  
âm_thanh    tiếng_động   7.5  8.0  7.5  7.5  7.9  7.2  6.5  7.1  6.9  7.9  7.0  6.7  
mưa         sương_muối   6.5  6.4  6.0  6.0  6.8  6.2  5.0  6.1  5.9  6.6  5.8  5.9  
bia         rượu_bia     7.0  7.2  8.0  8.0  7.3  7.4  8.0  6.6  6.4  7.1  6.4  6.1  
đàn_ông     chú          5.0  4.6  5.0  3.6  5.2  5.5  3.0  4.6  4.4  5.3  4.3  4.4  
táo         sinh_tố      4.5  4.7  4.0  4.6  4.7  4.8  4.0  4.1  3.9  4.7  4.0  3.7  
tri_thức    logic        2.0  2.1  6.0  6.5  1.6  2.1  5.0  1.6  1.4  2.3  1.2  1.3  
hội_nghị    ngôn_ngữ     1.0  0.8  4.0  2.6  0.9  1.0  2.0  0.6  0.4  0.6  0.5  0.5  
chồn        lông         6.0  6.2  4.0  3.6  5.9  5.9  3.0  5.6  5.4  5.8  5.3  5.4  
quần_chúng  đám          1.5  1.1  5.0  4.6  1.4  1.6  4.0  1.1  0.9  2.0  0.9  0.6  
bờ          bãi          3.5  2.8  8.0  6.0  3.5  3.9  8.0  3.1  2.9  3.9  2.8  2.9  
dây         thừng        8.0  7.7  6.5  6.5  8.1  8.4  7.0  7.6  7.4  8.3  7.5  7.2  
chim        gà_chọi      3.0  2.7  5.0  5.5  2.9  2.8  6.0  2.6  2.4  3.3  2.2  2.3  
giường      nôi          6.5  6.8  7.0  6.5  6.2  6.2  5.0  6.1  5.9  6.8  6.0  5.7  
năng_lực    tài_năng     7.5  7.4  7.5  7.5  7.3  7.7  6.0  7.1  6.9  7.1  6.8  6.9  
mây         sương        7.0  6.4  6.0  4.6  7.3  7.1  4.0  6.6  6.4  6.5  6.4  6.1  
ăn_uống     bữa          5.0  5.2  5.0  5.6  4.5  4.8  5.0  4.6  4.4  5.1  4.3  4.4  
nhà_hàng    trại_giam    1.5  1.4  2.0  2.0  1.9  1.6  1.0  1.1  0.9  1.8  1.0  0.7  
nước        muối         3.5  3.2  3.0  3.0  3.2  3.2  2.0  3.1  2.9  3.3  2.7  2.8  
giác_quan   trực_giác    5.0  5.5  4.0  6.0  4.7  5.5  5.0  4.6  4.4  4.6  4.5  4.2  
tình_hình   điều_kiện    3.5  3.1  6.0  4.0  3.1  3.2  4.0  3.1  2.9  3.0  2.8  2.9  
tội_phạm    kẻ_trộm      7.5  7.7  8.0  7.0  7.6  7.0  7.0  7.1  6.9  7.0  6.9  6.6  
phong_cách  thời_trang   7.0  6.9  6.0  8.0  7.4  6.7  6.0  6.6  6.4  6.9  6.3  6.4  
ranh_giới   biên_giới    8.5  8.0  7.0  7.0  8.3  8.5  6.5  8.1  7.9  8.1  8.0  7.7  
tay         cơ_thể       5.5  4.7  6.0  4.6  5.5  5.2  4.0  5.1  4.9  5.9  4.7  4.8  
thuyền      xe_hơi       3.5  4.0  5.0  5.0  3.6  3.2  3.0  3.1  2.9  3.9  3.0  2.7  
nem_rán     tiệc         3.0  1.7  4.0  5.5  1.6  1.3  4.0  1.1  0.9  1.2  0.8  0.9  
cô_dâu      công_chúa    3.0  2.6  5.0  6.5  3.2  2.9  5.0  2.6  2.4  2.8  2.4  2.1  
nữ_sinh     nam_sinh     1.0  1.4  8.0  8.0  1.1  1.1  6.0  0.6  0.4  1.0  0.5  0.5  
xe_hơi      phân_khối    3.5  3.2  6.0  3.6  3.1  3.6  3.0  3.1  2.9  3.2  3.0  2.7  
côn_trùng   ong          6.0  5.8  5.0  5.6  6.3  6.5  5.0  5.6  5.4  6.2  5.2  5.3  
nôi         võng         4.5  4.8  7.0  5.6  4.0  5.0  5.0  4.1  3.9  5.0  4.0  3.7  
động_vật    con_người    2.0  1.5  4.0  6.0  1.6  1.8  4.0  3.0  1.4  1.5  1.3  1.4  
cần_sa      thảo_dược    1.5  1.6  3.0  2.6  1.3  1.7  2.0  1.1  0.9  1.5  0.9  0.6  
giường      bệnh_viện    2.5  2.0  2.0  3.6  2.8  2.9  3.0  2.1  3.0  2.1  1.8  1.9  
má          lưỡi         4.5  4.4  6.0  3.6  4.4  4.1  3.0  4.1  3.9  4.9  4.0  3.7  
băng_nhạc   máy_vi_tính  3.0  2.4  4.0  2.6  3.0  2.9  2.0  2.6  2.4  2.9  2.2  2.3  
đường_cong  góc          2.0  1.8  2.0  3.6  2.1  1.9  3.0  1.6  1.4  2.5  1.5  1.2  
cỏ          rêu          5.0  5.0  6.0  5.6  4.8  4.5  5.0  4.6  4.4  4.9  4.3  4.4  
trường_học  luật         3.5  3.7  4.0  2.6  4.0  3.9  2.0  3.1  2.9  3.5  2.9  2.6  
bàn_chân    đầu          1.5  1.7  1.8  2.0  1.7  1.7  1.5  1.1  0.9  1.4  0.8  0.9  
mẹ          giám_hộ      4.0  3.5  7.0  5.0  4.4  3.5  5.0  3.6  3.4  3.6  3.5  3.2  
nha_khoa    nha_sĩ       6.5  6.7  8.5  8.5  6.2  6.7  8.0  6.1  5.9  6.9  5.7  5.8  
cồn         whiskey      7.0  7.4  7.0  6.5  6.8  7.2  7.0  6.6  6.4  6.9  6.5  6.2  
miệng       răng         4.5  3.8  7.0  7.0  4.1  4.5  6.0  4.1  3.9  4.3  3.8  3.9  
thức_ăn     giò          5.5  5.5  5.5  7.0  5.7  5.7  5.0  5.1  4.9  5.8  4.9  4.6  
nhà_tắm     buồng        1.5  1.7  5.0  3.0  1.3  1.3  4.0  1.1  0.9  1.0  0.8  0.9  
đĩa         bát          5.0  5.3  7.0  5.6  5.4  5.4  5.0  4.6  4.4  5.1  4.5  4.2  
thịt        giò          6.0  5.6  7.0  7.5  6.0  5.5  6.5  5.6  5.4  5.6  5.2  5.3  
không_khí   hơi_nước     4.0  4.2  6.5  5.6  4.2  3.5  5.0  3.6  3.4  4.1  3.5  3.2  
công_nhân   chủ          5.0  4.5  3.0  3.6  4.7  5.3  3.0  4.6  4.4  4.6  4.3  4.4  
cơ_thể      ngực         5.5  5.3  5.0  4.6  5.2  5.9  4.0  5.1  4.9  5.1  4.9  4.6  
con_trai    cha          4.5  3.9  7.0  6.1  4.2  4.9  5.5  4.1  3.9  4.7  3.8  3.9  
tim         phẫu_thuật   2.0  2.5  2.0  3.6  2.4  2.1  3.0  1.6  1.4  2.0  1.5  1.2  
phụ_nữ      thư_ký       2.5  2.4  5.0  2.6  2.6  2.6  2.0  2.1  1.9  2.4  1.7  3.1  
đàn_ông     cha          5.5  5.0  7.0  6.1  5.9  5.5  5.5  5.1  4.9  5.2  5.0  4.7  
bãi_tắm     đảo          3.5  3.6  7.5  7.0  3.6  3.0  5.5  3.1  2.9  3.6  2.8  2.9  
truyện_ngắn chủ_đề       4.5  4.5  5.0  6.5  4.0  4.3  4.5  4.1  3.9  4.6  3.9  3.6  
trò_chơi    vui          7.5  7.0  5.5  5.0  7.4  7.1  4.0  7.1  6.9  7.1  6.8  6.9  
giáp_hạt    mùa_vụ       6.0  5.6  7.0  4.6  6.4  6.2  4.0  5.6  5.4  6.2  5.5  5.2  
cặp         đôi          9.5  9.7  8.6  9.5  9.5  9.5  8.0  9.1  8.9  9.0  8.8  8.9  
phụ_nữ      vợ           5.5  5.4  5.6  8.0  5.5  5.3  6.0  5.1  4.9  6.0  5.0  4.7  
lợn         gia_súc      6.5  6.2  5.5  7.0  6.5  6.3  6.5  6.1  5.9  6.2  5.8  5.9  
ví          túi          7.5  7.6  8.5  8.5  7.5  7.4  7.0  7.1  6.9  7.4  6.9  6.6  
trần        thánh_đường  2.0  2.2  2.0  2.0  2.3  2.5  1.0  1.6  1.4  2.1  1.3  1.4  
đậu         cà_phê       3.0  3.5  1.3  1.6  3.2  3.0  1.0  2.6  2.4  2.6  2.5  2.2  
gỗ          giấy         6.5  6.2  3.3  3.6  6.9  6.6  3.0  6.1  5.9  7.0  5.7  5.8  
đỉnh        cạnh         3.5  3.2  3.0  2.6  3.8  3.1  2.0  3.1  2.9  3.4  3.0  2.7  
tội_phạm    lừa_đảo      4.0  3.7  5.0  7.5  4.1  4.5  6.0  3.6  3.4  4.5  3.3  3.4  
đau         hại          4.5  3.9  3.0  3.6  4.3  5.0  3.0  4.1  3.9  4.6  3.9  3.6  
người_yêu   bầu_bạn      2.5  2.2  7.0  5.0  2.9  2.6  4.0  2.1  1.9  2.3  1.8  1.9  
buổi_tối    chạng_vạng   8.5  8.5  5.5  8.0  8.8  8.8  7.0  8.1  7.9  8.2  8.0  7.7  
cha         con_gái      3.5  3.6  3.0  3.6  3.4  3.2  3.0  3.1  2.9  3.4  2.7  2.8  
rượu        chất_lỏng    5.0  5.2  5.5  4.6  5.0  5.1  4.0  4.6  4.4  4.9  4.5  4.2  
bò          dê           4.5  4.5  5.0  6.5  4.8  4.8  6.0  4.1  3.9  4.8  3.8  3.9  
đức_tin     quan_điểm    2.5  2.6  4.0  6.0  2.7  2.4  6.0  2.1  1.9  2.8  1.9  1.6  
thực_tế     ảo_giác      1.0  1.4  0.0  1.6  1.0  0.5  1.0  1.6  1.4  0.0  1.3  1.4  
hiệp_ước    hiệp_định    7.5  7.9  7.0  6.5  7.8  7.4  7.5  7.1  6.9  7.9  7.0  6.7  
giàu_có     nghèo        2.0  2.1  3.0  3.0  1.5  2.3  2.0  1.6  1.4  2.3  1.2  1.3  
tai_nạn     khẩn_cấp     6.5  6.1  5.0  5.6  6.3  6.4  5.0  6.1  5.9  6.3  6.0  5.7  
trận        cuộc         7.5  7.7  7.0  6.5  7.8  7.6  7.0  7.1  6.9  7.2  6.8  6.9  
bạn         giáo_viên    2.0  2.3  4.0  2.6  1.6  1.8  2.0  1.6  1.4  2.1  1.4  1.1  
căn_bệnh    nhiễm_trùng  6.0  6.1  4.0  6.5  6.2  6.5  7.0  5.6  5.4  5.7  5.3  5.4  
trò_chơi    mưu_mẹo      2.0  2.4  3.0  3.0  1.6  2.2  3.0  1.6  1.4  2.1  1.5  1.2  
anh_trai    con_trai     6.0  5.2  6.0  7.0  6.4  5.5  5.0  5.6  5.4  6.2  5.2  5.3  
cô          cháu         3.5  3.5  3.0  2.6  3.9  3.2  2.0  3.1  2.9  3.8  3.0  2.7  
công_nhân   thợ_máy      7.5  7.2  5.5  6.5  7.7  7.1  5.0  7.1  6.9  7.4  6.8  6.9  
bác_sĩ      nha_khoa     8.0  7.6  7.0  7.5  8.1  8.3  6.0  7.6  7.4  8.3  7.4  7.1  
khế         tre          3.5  3.4  4.5  3.0  3.9  3.4  3.0  3.1  2.9  3.7  2.8  2.9  
ong         nữ_hoàng     2.5  2.3  2.0  1.0  2.2  2.6  1.0  2.1  1.9  2.2  2.0  1.7  
xe_hơi      xe_đạp       3.5  3.5  5.0  5.0  3.9  3.7  4.0  3.1  2.9  3.2  2.7  2.8  
mục_đích    kim_chỉ_nam  3.5  3.9  4.5  3.0  4.0  3.8  5.0  3.1  2.9  3.1  3.0  2.7  
tháng_giêng tháng        6.5  5.9  4.5  7.5  6.5  6.6  6.0  6.1  5.9  6.8  5.8  5.9  
quân_đội    tiểu_đội     6.0  6.4  5.5  7.0  5.5  6.4  7.0  5.6  5.4  6.1  5.4  5.1  
mây         thời_tiết    5.5  4.9  3.0  6.5  5.3  5.1  6.0  5.1  4.9  5.1  4.8  4.9  
thầy_thuốc  bác_sĩ       8.5  8.6  7.0  9.0  8.6  9.0  9.0  8.1  7.9  8.9  8.0  7.7  
hẻm         thung_lũng   8.0  8.1  5.0  4.6  8.5  8.3  4.0  7.6  7.4  7.9  7.2  7.3  
sông        thung_lũng   4.5  4.8  3.0  6.5  4.9  4.1  5.0  4.1  3.9  4.2  4.0  3.7  
mặt_trời    trời         4.0  4.0  7.0  5.6  3.7  3.7  5.0  3.6  3.4  3.8  3.3  3.4  
mục_tiêu    mũi_tên      3.0  3.0  3.3  4.0  3.3  2.7  3.0  2.6  2.4  3.3  2.4  2.1  
gạo_nếp     bánh_nếp     6.0  6.1  6.5  5.5  6.4  5.9  4.0  5.6  5.4  5.9  5.3  5.4  
hoàn_cảnh   tình_hình    7.5  7.9  6.0  6.5  7.1  8.0  6.5  7.1  6.9  7.0  7.0  6.7  
quan_điểm   lựa_chọn     8.0  8.0  5.0  4.5  7.8  8.0  3.0  7.6  7.4  8.1  7.2  7.3  
nhịp        giai_điệu    7.0  6.8  7.0  7.5  7.3  7.4  7.0  6.6  6.4  6.7  6.5  6.2  
ruột        dây_thần_kinh 3.5  3.4  4.0  3.0  3.8  4.0  4.0  3.1  2.9  3.9  2.8  2.9  
ban_ngày    bình_minh    4.5  4.3  3.5  5.5  4.5  4.7  4.0  4.1  3.9  4.8  3.9  3.6  
gia_súc     thịt_thà     4.0  3.3  5.0  2.6  4.3  3.6  2.0  3.6  3.4  4.0  3.3  3.4  
bác_sĩ      giáo_sư      3.5  4.0  4.5  5.5  3.1  3.9  5.0  3.1  2.9  3.3  3.0  2.7  
tay         mạch_máu     4.0  3.3  4.5  2.6  3.8  4.3  2.0  3.6  3.4  4.2  3.2  3.3  
phòng       bồn_tắm      2.0  1.6  5.0  4.6  2.4  2.4  4.0  1.6  1.4  2.2  1.5  2.0  
tập_đoàn    thương_mại   2.5  1.8  3.0  3.6  2.2  2.1  3.0  2.1  1.9  2.7  1.8  1.9  
vui         bóng_đá      1.5  1.9  3.0  3.0  1.1  1.8  2.0  1.1  0.9  1.2  0.9  0.6  
đồi         sườn         4.5  4.2  5.5  4.6  4.8  4.8  4.0  4.1  3.9  4.3  3.8  3.9  
xương       mắt_cá       6.0  5.7  3.0  4.0  5.6  5.6  3.0  5.6  5.4  6.0  5.5  5.2  
táo         kẹo          1.5  1.5  2.5  2.0  1.6  1.3  2.0  1.1  0.9  1.3  0.7  0.8  
trợ_lý      lễ_tân       3.0  2.9  3.5  4.0  3.2  3.0  5.0  2.6  2.4  3.4  2.5  2.2  
lãnh_đạo    người_quản_lý 8.0  7.8  6.5  7.5  8.1  7.7  6.0  7.6  7.4  8.4  7.3  7.4  
chanh       trà          2.0  2.3  2.5  4.0  2.0  1.7  2.0  1.6  1.4  2.2  1.4  1.1  
ong         kiến         4.5  4.3  4.5  5.0  4.5  4.0  4.0  4.1  3.9  4.4  3.8  3.9  
bóng_rổ     bóng_chày    3.5  3.2  5.9  7.0  3.4  3.5  5.0  3.1  2.9  3.4  3.0  2.7  
gạo         đậu          2.5  1.7  6.0  4.6  2.9  2.9  4.0  2.1  1.9  2.1  1.7  1.8  
giường      đồ_đạc       5.5  6.0  4.6  3.6  6.0  5.2  3.0  5.1  4.9  5.7  5.0  4.7  
xúc_động    đam_mê       6.5  6.0  3.0  3.0  6.2  6.4  4.0  6.1  5.9  6.8  5.8  5.9  
hỗn_loạn    hỗn_độn      8.5  8.0  6.9  6.5  8.8  8.1  6.5  8.1  7.9  8.6  7.9  7.6  
tội_phạm    hành_hạ      4.0  3.3  4.0  4.0  3.5  4.4  3.0  3.6  3.4  3.8  3.3  3.4  
máy_móc     máy          9.0  8.6  8.0  7.5  8.5  9.3  6.5  8.6  8.4  8.9  8.5  8.2  
bãi_tắm     biển         7.0  7.2  7.0  6.1  7.5  6.6  5.5  6.6  6.4  7.0  6.2  6.3  
ngõ_hẻm     bát          0.5  0.4  1.0  1.0  0.2  0.1  1.0  0.1  0.0  0.5  0.0  0.0  
lọ          chai         7.0  7.1  8.0  8.5  7.0  7.3  8.0  6.6  6.4  7.1  6.3  6.4  
sức_mạnh    khả_năng     6.5  6.1  7.0  6.5  6.6  6.2  5.0  6.1  5.9  6.2  5.9  5.6  
hạt         mù_tạt       6.0  6.0  2.0  5.5  6.0  5.9  4.0  5.6  5.4  5.8  5.3  5.4  
kèn         trống        3.5  3.6  6.5  4.1  3.1  3.7  3.5  3.1  2.9  3.4  3.0  2.7  
quan_điểm   ý_kiến       5.5  5.2  6.0  7.5  5.5  5.4  7.0  5.1  4.9  5.8  4.7  4.8  
bắc         tây          3.5  3.6  4.0  6.0  3.8  3.6  4.0  3.1  2.9  4.0  3.0  2.7  
kiêng       xà_lách      1.0  0.7  1.0  3.0  0.7  1.4  1.0  0.6  0.4  1.0  0.5  0.5  
mẹ          vợ           4.5  4.7  5.0  4.6  4.0  4.4  4.0  4.1  3.9  4.8  3.9  3.6  
bố          mẹ           3.5  3.7  7.0  4.6  3.3  3.5  4.0  3.1  2.9  3.9  2.8  2.9  
thuyền_trưởngthuyền_viên  5.0  5.5  6.0  7.5  4.8  5.1  6.0  4.6  4.4  5.5  4.5  4.2  
mét         thước        5.5  5.7  5.5  5.6  5.9  5.3  5.0  5.1  4.9  5.5  4.7  4.8  
bia         rượu_vang    7.0  6.7  6.0  7.5  6.7  7.3  5.5  6.6  6.4  7.1  6.5  6.2  
động_cơ     thuyền       5.5  5.5  4.0  2.6  5.8  5.7  2.0  5.1  4.9  5.2  4.8  4.9  
thẻ         cầu          0.5  0.5  1.0  1.6  0.4  0.8  1.0  0.1  0.0  0.7  0.0  0.0  
khoa_học    tâm_lý_học   6.0  5.9  4.5  4.1  6.2  6.0  3.5  5.6  5.4  6.3  5.3  5.4  
tội_đồ      thánh        1.5  1.4  2.0  1.6  1.7  1.6  1.0  1.1  0.9  1.3  1.0  0.7  
bầu_trời    mặt_đất      2.0  1.9  3.0  2.0  2.3  2.4  2.0  1.6  1.4  1.6  1.2  1.3  
đám         nhóm         7.5  7.4  6.0  7.0  7.8  7.4  5.0  7.1  6.9  7.7  7.0  6.7  
bãi_tắm     san_hô       2.5  2.2  5.0  6.5  2.1  2.8  5.0  2.1  1.9  2.7  1.8  1.9  
đàn_ông     trẻ_em       3.5  3.4  4.0  3.5  3.2  3.1  3.0  3.1  2.9  3.3  2.9  2.6  
bánh_dẻo    pho_mát      3.5  2.8  4.0  2.6  3.6  4.0  2.0  3.1  2.9  3.8  2.8  2.9  
vô_địch     quán_quân    7.0  6.8  8.5  9.0  6.6  7.0  7.0  6.6  6.4  6.7  6.5  6.2  
thành_tích  nghi_lễ      1.0  0.8  2.0  3.5  0.8  1.1  2.0  0.6  0.4  0.7  0.5  0.5  
thực_đơn    thực_khách   3.5  3.9  4.0  5.5  3.4  3.2  5.5  3.1  2.9  3.5  3.0  2.7  
vua         công_chúa    4.5  4.3  5.0  5.6  4.2  4.2  5.0  4.1  3.9  4.6  3.8  3.9  
giàu_có     uy_tín       5.0  5.1  4.0  4.0  5.2  5.2  3.0  4.6  4.4  5.4  4.4  4.1  
sức_bền     sức_mạnh     4.5  4.7  5.5  6.0  4.5  4.4  5.0  4.1  3.9  4.1  3.8  3.9  
tai_ương    nguy_cơ      5.0  4.7  5.0  4.6  5.4  4.6  4.0  4.6  4.4  5.0  4.5  4.2  
thánh_thần  thầy_tu      2.0  1.7  6.0  5.5  2.2  1.5  5.5  1.6  1.4  2.5  1.2  1.3  
nam_giới    anh_em       3.0  3.2  4.0  2.6  3.0  3.1  2.0  2.6  2.4  2.7  2.5  2.2  
bạn_bè      bầu_bạn      9.0  9.1  4.5  6.5  9.4  8.9  7.0  8.6  8.4  9.0  8.3  8.4  
giáo_viên   trợ_lý       3.5  3.2  4.0  3.6  4.0  3.1  3.0  3.1  2.9  3.0  2.9  2.6  
cơ_thể      bụng         5.5  4.8  4.5  6.5  5.1  5.8  5.0  5.1  4.9  5.5  4.8  4.9  
lưỡi        họng         4.0  4.0  6.0  4.6  4.5  3.8  4.0  3.6  3.4  4.2  3.5  3.2  
nhà         thảm         3.5  3.0  2.0  2.6  3.1  3.6  2.0  3.1  2.9  3.3  2.7  2.8  
tri_thức    kỹ_năng      4.5  4.8  4.0  7.0  4.3  4.5  6.0  4.1  3.9  4.7  4.0  3.7  
hành_trình  cuộc         6.0  6.2  5.0  4.6  6.4  5.7  4.0  5.6  5.4  5.7  5.3  5.4  
thánh_thần  mồi          0.5  0.6  0.0  2.0  0.7  0.6  1.0  0.1  0.0  0.7  0.0  0.0  
anh_trai    tâm_hồn      0.5  0.2  0.0  1.6  0.7  0.7  1.0  0.1  0.0  0.1  0.0  0.0  
kẻ_thù      đối_thủ      7.5  7.9  8.0  6.0  7.6  7.1  7.5  7.1  6.9  7.2  7.0  6.7  
thi_thể     hoạn_nạn     3.0  2.4  1.0  4.0  3.0  3.2  4.0  2.6  2.4  2.9  2.2  2.3  
quái_vật    quỷ          8.0  7.5  6.0  7.5  7.9  7.6  6.7  7.6  7.4  8.1  7.5  7.2  
ban_ngày    sáng         6.5  6.5  6.5  5.6  6.4  6.7  5.0  6.1  5.9  6.3  5.8  5.9  
đàn_ông     người_hùng   4.5  4.7  6.0  4.6  4.6  4.7  4.0  4.1  3.9  4.2  3.9  3.6  
bạn         anh_chàng    2.5  2.6  6.0  5.5  2.2  2.1  5.0  2.1  1.9  2.9  1.8  1.9  
ca_khúc     truyện_ngắn  3.0  3.0  4.3  5.0  2.8  2.6  4.0  2.6  2.4  3.3  2.5  2.2  
tia         ánh_sáng     7.5  7.2  6.5  6.0  7.7  7.7  6.0  7.1  6.9  7.7  6.7  6.8  
anh_chàng   giới_tính    2.0  2.0  3.0  5.5  1.8  2.5  4.0  1.6  1.4  2.1  1.5  2.5  
gà          gạo          2.5  2.7  5.0  2.6  2.1  2.4  2.0  2.1  1.9  2.8  1.8  1.9  
hộp         thang_máy    1.0  0.6  4.0  3.1  1.3  0.7  2.5  0.6  0.4  1.4  0.5  0.5  
bơ          khoai_tây    3.0  3.0  4.5  5.5  3.4  2.6  4.5  2.6  2.4  2.8  2.3  2.4  
căn_hộ      đồ_đạc       3.5  3.4  4.0  3.6  3.5  3.5  3.0  3.1  2.9  3.3  3.0  2.7  
hồ          đầm          6.5  5.8  6.5  7.5  6.4  7.0  6.0  6.1  5.9  6.8  5.7  5.8  
xà_lách     giấm         1.5  1.9  4.0  3.0  2.0  1.4  3.0  1.1  0.9  1.1  1.0  0.7  
hoa         bóng_đèn     1.0  1.2  2.0  1.0  0.8  0.7  2.0  0.6  0.4  1.0  0.5  0.5  
mây         sương_muối   5.5  5.8  6.0  4.5  5.6  5.4  3.0  5.1  4.9  5.1  4.9  4.6  
tài_xế      phi_công     5.5  5.4  6.0  4.1  5.7  5.6  3.5  5.1  4.9  5.2  4.8  4.9  
đường       mật          8.0  8.0  6.8  7.5  7.5  8.4  6.0  7.6  7.4  7.9  7.5  7.2  
cơ_thể      vai          5.5  5.1  5.0  3.6  6.0  5.3  3.0  5.1  4.9  5.1  4.7  4.8  
ý_kiến      hình_ảnh     1.5  1.1  2.0  3.0  1.1  1.8  1.0  1.1  0.9  1.8  1.0  0.7  
cha         anh_trai     4.5  4.0  6.0  7.5  4.5  4.5  5.5  4.1  3.9  4.7  3.8  3.9  
mặt_trăng   hành_tinh    6.0  6.2  6.0  7.0  5.6  6.3  6.0  5.6  5.4  6.2  5.4  5.1  
bóng        trang_phục   1.5  0.8  3.0  1.6  1.4  1.9  1.0  1.1  0.9  1.4  0.8  0.9  
đường_sắt   hàng_rào     2.0  1.8  3.0  2.5  1.7  2.3  2.0  1.6  1.4  2.4  1.5  1.2  
phòng       giường       3.5  3.2  6.0  5.5  3.4  3.5  4.5  3.1  2.9  3.6  2.7  2.8  
hoa         khóm         4.5  4.4  5.0  5.0  4.3  4.9  5.6  4.1  3.9  4.4  4.0  3.7  
xương       đầu_gối      5.5  5.4  4.5  6.0  5.3  5.6  4.5  5.1  4.9  5.6  4.8  4.9  
tay         đầu_gối      3.5  3.2  4.5  3.6  3.4  3.1  3.0  3.1  2.9  3.8  2.9  2.6  
đáy         cạnh         3.5  3.6  3.0  1.6  3.6  3.1  1.0  3.1  2.9  3.3  2.8  2.9  
ống         mạch_máu     1.5  2.0  2.0  4.1  1.0  1.1  3.5  1.1  0.9  1.0  1.0  0.7  
mèo         thỏ          3.5  3.4  4.0  3.5  3.6  3.0  4.0  3.1  2.9  3.2  2.7  2.8  
thịt        nem_rán      4.5  4.6  4.0  5.5  5.0  4.1  4.5  4.1  3.9  5.0  4.0  3.7  
đức_tin     khái_niệm    2.0  1.4  3.0  4.0  2.0  2.2  2.5  1.6  1.4  2.4  1.3  1.4  
tri_thức    sáng_suốt    9.0  8.5  5.0  4.0  8.8  9.3  4.5  8.6  8.4  8.9  8.4  8.1  
trí_nhớ     ký_ức        10.0 10.3 6.0  7.0  10.5 10.5 6.5  9.6  9.4  10.0 9.5  9.2  
thái_độ     niềm_tin     2.5  2.6  4.0  4.1  2.0  2.5  3.5  2.1  1.9  2.7  2.0  1.7  
đúng        công_lý      8.5  8.3  6.8  8.0  8.9  8.2  6.0  8.1  7.9  8.4  7.7  7.8  
lý_lẽ       hiệp_định    2.0  2.4  4.0  2.6  1.9  1.6  2.0  1.6  1.4  1.7  1.5  1.2  
cao_độ      cường_độ     5.5  5.7  5.5  7.5  5.2  5.9  5.5  5.1  4.9  5.5  4.8  4.9  
trung_bình  tin_tức      1.5  1.3  1.0  1.6  1.0  1.4  1.0  1.1  0.9  1.6  0.9  0.6  
quán_quân   thí_sinh     2.0  1.5  4.0  1.0  2.1  1.6  1.5  1.6  1.4  2.2  1.3  1.4  
sinh_nhật   ngày_tháng   6.5  6.9  2.0  5.0  6.3  7.0  5.0  6.1  5.9  6.2  6.0  5.7  
lệ_phí      kinh_phí     2.0  1.3  6.5  8.0  2.4  2.0  6.5  1.6  1.4  1.6  1.2  1.3  
kinh_thánh  thánh_ca     6.5  6.5  7.0  8.5  6.1  6.6  6.7  6.1  5.9  6.7  6.0  5.7  
lối_thoát   ngõ          3.5  3.8  6.0  4.6  3.2  3.2  4.0  3.1  2.9  3.8  2.8  2.9  
đàn_ông     vệ_sĩ        4.0  4.1  5.0  4.1  3.7  4.1  3.5  3.6  3.4  3.5  3.4  3.1  
gian        đại_sảnh     5.0  4.5  5.0  5.6  5.0  4.8  5.0  4.6  4.4  5.2  4.3  4.4  
whiskey     rượu_trắng   6.5  6.1  6.0  7.0  6.6  6.8  7.0  6.1  5.9  6.8  6.0  5.7  
máu         bạch_cầu     6.0  5.7  5.5  8.0  5.6  6.2  6.0  5.6  5.4  6.1  5.2  5.3  
dầu         chồn         0.5  0.3  0.0  1.1  0.8  0.7  0.5  0.1  0.0  0.3  0.0  0.0  
sàn         boong        7.5  7.3  5.0  7.0  7.8  7.3  5.6  7.1  6.9  7.9  6.8  6.9  
mái         sàn          2.0  1.7  2.3  0.0  1.9  2.0  2.0  1.6  1.4  1.5  1.4  1.1  
cửa         sàn          2.5  2.2  1.8  2.1  2.7  2.3  1.5  2.1  1.9  2.7  1.8  1.9  
vai         đầu          3.5  3.1  5.0  3.6  3.1  3.8  3.0  3.1  2.9  3.4  3.0  2.7  
toa_xe      xe_ngựa      1.5  1.2  5.5  3.1  1.2  1.1  2.5  1.1  0.9  1.3  0.7  0.8  
xe_hơi      xe_ngựa      2.0  1.9  4.5  4.6  2.2  1.8  4.0  1.6  1.4  2.2  1.5  1.2  
khuỷu       mắt_cá       5.0  4.9  5.0  6.0  4.8  5.1  4.0  4.6  4.4  5.4  4.3  4.4  
giàu_có     danh_tiếng   6.5  6.2  4.5  6.5  6.4  6.3  5.5  6.1  5.9  6.3  5.9  5.6  
nỗi_buồn    nỗi_đau      8.5  7.9  6.8  7.0  8.3  8.6  9.0  8.1  7.9  8.7  7.8  7.9  
quản_trị    quản_lý      8.5  8.3  7.0  6.0  8.3  8.9  8.0  8.1  7.9  8.8  8.0  7.7  
hội_nghị    mít_tinh     7.0  7.0  6.0  7.0  6.7  6.7  5.0  6.6  6.4  7.5  6.2  6.3  
ô_nhiễm     khí_quyển    3.0  3.4  4.0  4.6  3.4  2.7  4.0  2.6  2.4  3.3  2.5  2.2  
giải_phẫu_họcsinh_học     7.5  7.3  6.0  5.6  7.4  7.3  5.0  7.1  6.9  7.1  6.8  6.9  
đại_học     nghề         2.5  2.1  4.0  6.5  2.8  3.0  5.5  2.1  1.9  2.6  1.9  1.6  
sách        chủ_đề       3.5  3.6  6.0  4.1  3.9  3.1  3.5  3.1  2.9  3.6  2.8  2.9  
công_thức   phương_trình 5.0  4.8  5.5  7.0  4.7  4.6  5.5  4.6  4.4  5.1  4.5  4.2  
sách        thông_tin    5.5  4.8  6.5  8.0  5.8  5.2  6.0  5.1  4.9  5.5  4.7  4.8  
trai        đối_tác      2.0  2.3  2.0  1.6  1.6  2.1  1.0  1.6  1.4  2.1  1.5  1.2  
trời        vũ_trụ       3.5  3.5  7.0  5.4  3.3  3.7  4.8  3.1  2.9  3.0  2.8  2.9  
dân_số      người        7.0  7.0  6.8  6.6  6.5  6.8  6.0  6.6  6.4  7.1  6.4  6.1  
đại_học     lớp          5.0  4.6  5.5  4.6  5.3  4.7  4.0  4.6  4.4  5.0  4.3  4.4  
chính       trưởng       7.5  7.8  6.5  5.5  7.7  7.6  6.0  7.1  6.9  7.5  7.0  6.7  
thầy_cúng   pháp_sư      8.0  7.7  8.0  9.5  8.4  8.4  8.0  7.6  7.4  8.0  7.2  7.3  
mét         li           5.5  5.8  5.5  5.6  6.0  5.2  5.0  5.1  4.9  5.1  5.0  4.7  
tơ_tằm      lụa          6.0  5.5  6.0  9.0  5.7  5.6  8.0  5.6  5.4  5.7  5.3  5.4  
luật_gia    ngân_hàng    2.0  1.6  1.3  1.6  1.6  2.2  1.0  1.6  1.4  1.6  1.4  1.1  
đàn_bầu     nhạc_cụ      5.5  4.9  5.5  7.0  6.0  5.7  7.0  5.1  4.9  5.8  4.8  4.9  
doanh_trại  lều          4.5  4.2  7.0  5.1  4.9  4.8  4.5  4.1  3.9  4.4  4.0  3.7  
nồi         gia_dụng     6.5  6.6  6.0  3.6  6.2  6.9  3.0  6.1  5.9  6.6  5.7  5.8  
gấm         vải_vóc      5.0  5.2  6.5  5.1  4.9  4.5  4.5  4.6  4.4  4.7  4.5  4.2  
whiskey     rượu_vang    5.5  5.0  7.0  8.5  5.2  5.5  7.0  5.1  4.9  5.7  4.8  4.9  
gái         trẻ_em       2.5  2.0  5.0  7.0  2.6  2.2  5.0  2.1  1.9  2.7  1.9  1.6  
nhà_sàn     lều          4.0  4.3  6.0  5.1  4.5  3.7  4.5  3.6  3.4  4.3  3.3  3.4  
chim        gà_giò       2.5  3.0  3.3  3.6  2.6  2.7  3.0  2.1  1.9  2.0  2.0  1.7  
tạp_âm      âm_thanh     5.0  4.4  6.0  8.0  5.0  5.0  7.5  4.6  4.4  4.9  4.2  4.3  
hoàng_hôn   buổi_tối     8.0  8.1  6.5  5.6  8.3  7.6  5.0  7.6  7.4  8.3  7.5  7.2  
mưa_phùn    mưa          7.5  7.7  7.5  9.5  7.3  7.6  7.5  7.1  6.9  7.4  6.8  6.9  
người_lớn   thiếu_nhi    2.0  2.1  3.0  5.5  2.2  2.1  3.5  1.6  1.4  1.5  1.4  2.9  
than_tổ_ong than_đá      4.5  3.8  7.0  4.6  4.2  4.1  4.0  4.1  3.9  4.7  3.8  3.9  
cơ_thể      xương_sống   4.0  3.8  6.0  3.6  4.0  4.2  3.0  3.6  3.4  3.7  3.5  3.2  
đầu         móng         2.5  2.5  1.3  1.6  2.3  2.5  1.0  2.1  1.9  2.7  1.7  1.8  
cây_gỗ      mộc          7.0  7.5  6.0  6.6  6.9  6.9  6.0  6.6  6.4  7.0  6.5  6.2  
thìa        cốc          3.5  3.8  1.3  1.6  3.6  3.9  1.0  3.1  2.9  3.6  2.8  2.9  
cơ_thể      dây_thần_kinh 4.0  4.1  5.5  3.6  4.0  3.8  3.0  3.6  3.4  4.3  3.4  3.1  
đàn_ông     chồng        5.0  4.5  6.5  6.1  5.2  5.0  5.5  4.6  4.4  4.7  4.3  4.4  
xương       cổ           3.0  3.5  5.0  3.1  2.6  3.2  2.5  2.6  2.4  3.3  2.5  2.2  
thất_bại    lôi_đình     1.5  0.8  2.0  4.1  1.5  1.8  3.5  1.1  0.9  1.6  0.7  0.8  
sông        biển         2.0  2.4  5.5  7.0  2.0  2.0  5.0  1.6  1.4  2.1  1.5  1.2  
nhiệm_vụ    việc         6.5  6.2  6.5  7.5  6.8  6.9  7.0  6.1  5.9  6.0  5.8  5.9  
câu_lạc_bộ  xã_hội       5.5  5.4  6.0  4.1  5.0  5.7  3.5  5.1  4.9  5.3  4.9  4.6  
phản_xạ     hình_ảnh     1.5  1.6  3.0  3.1  1.5  2.0  2.5  1.1  0.9  1.3  0.8  0.9  
hoàng_tử    vua          4.0  4.0  6.0  8.5  4.2  3.6  6.7  3.6  3.4  3.8  3.5  3.2  
tuyết       thời_tiết    5.0  4.5  4.0  5.1  4.5  5.0  4.5  4.6  4.4  5.2  4.2  4.3  
người       đảng_phái    2.5  2.9  2.0  1.6  2.4  2.2  1.0  2.1  1.9  2.5  2.0  1.7  
trai        anh_trai     5.5  4.9  6.5  6.1  5.8  5.3  5.5  5.1  4.9  5.8  4.8  4.9  
rễ          cỏ           3.0  2.9  6.0  4.6  2.8  3.4  4.0  2.6  2.4  2.7  2.4  2.1  
lông_mày    mắt          4.0  3.5  6.0  5.6  4.2  3.9  5.0  3.6  3.4  3.6  3.3  3.4  
tiền        ngọc_trai    4.5  4.5  1.3  1.6  4.2  4.2  1.0  4.1  3.9  4.7  4.0  3.7  
tiền        kim_cương    5.0  5.1  1.8  2.1  5.0  5.5  1.5  4.6  4.4  4.6  4.2  4.3  
xe_cộ       xe_buýt      6.0  6.2  6.0  6.6  6.2  6.4  6.0  5.6  5.4  5.8  5.5  5.2  
xe_tải      xe_buýt      3.5  2.9  6.5  8.0  3.1  3.6  8.0  3.1  2.9  3.2  2.8  2.9  
nhà         chuồng       3.5  3.4  5.5  7.0  3.7  3.8  5.0  3.1  2.9  3.1  2.9  2.6  
ngón_trỏ    cùi_tay      4.0  3.9  5.0  5.1  3.6  3.9  4.5  3.6  3.4  3.9  3.3  3.4  
xe_hơi      cầu          2.5  2.5  2.0  1.6  2.9  2.2  1.0  2.1  1.9  3.0  2.0  1.7  
nỗ_lực      trở_ngại     2.0  2.0  3.0  4.0  2.1  3.0  4.0  1.6  2.0  2.3  1.2  3.1  
sự_thực     sáng_suốt    2.5  2.3  5.0  3.0  2.3  2.9  2.5  2.1  1.9  2.3  2.0  1.7  
việc        quản_lý      5.0  4.7  2.0  5.5  4.9  5.0  4.0  4.6  4.4  5.5  4.3  4.4  
ung_thư     bệnh_tật     6.5  6.1  5.5  8.5  7.0  6.3  7.0  6.1  5.9  6.1  5.9  5.6  
từ          báo_chí      5.0  4.6  5.5  3.6  5.1  5.3  3.0  4.6  4.4  5.0  4.3  4.4  
nhạc_sĩ     nhà_văn      4.5  4.4  6.0  7.5  4.8  4.5  6.5  4.1  3.9  5.0  4.0  3.7  
thầy_giáo   ca_sĩ        3.5  3.3  5.0  3.6  3.7  3.9  3.0  3.1  2.9  3.1  2.7  2.8  
ký_túc_xá   chòi         3.0  2.5  1.3  1.6  2.7  3.3  1.0  2.6  2.4  3.4  2.5  2.2  
nhà_tắm     nhà_bếp      3.5  3.2  4.0  5.0  3.4  3.3  5.5  3.1  2.9  3.8  2.8  2.9  
lều         chòi         5.5  5.4  8.0  9.0  5.4  5.2  7.5  5.1  4.9  5.6  4.9  4.6  
cửa         nhà_bếp      4.5  4.0  5.0  2.6  4.7  4.8  2.0  4.1  3.9  4.1  3.8  3.9  
giá_trị     đức_tin      1.5  1.6  4.0  2.5  1.8  1.1  3.0  1.1  0.9  1.5  1.0  0.7  
tài_tình    tri_thức     4.0  4.1  5.0  3.1  4.1  3.9  2.5  3.6  3.4  4.2  3.2  3.3  
dốt_nát     tri_thức     3.5  4.0  3.0  2.6  3.1  3.9  2.0  3.1  2.9  3.1  3.0  2.7  
niềm_vui    cơ_hội       2.5  2.2  4.0  3.6  2.1  2.7  3.0  2.1  1.9  2.8  1.8  1.9  
ý_kiến      kế_hoạch     2.0  1.8  5.0  6.5  1.6  2.0  5.0  1.6  1.4  1.6  1.4  1.1  
tâm_trạng   xúc_động     6.0  5.9  3.0  7.0  6.2  5.9  5.5  5.6  5.4  5.8  5.3  5.4  
niềm_vui    hòa_bình     3.5  3.1  2.3  3.0  3.7  3.1  2.0  3.1  2.9  3.8  3.0  2.7  
tuyệt_vọng  khốn_khổ     8.0  7.7  6.0  7.0  8.1  7.9  7.0  7.6  7.4  8.0  7.2  7.3  
logic       số_học       3.5  3.5  6.0  6.1  3.4  3.6  5.5  3.1  2.9  3.9  3.0  2.7  
tù_nhân     danh_nhân    0.0  1.8  1.0  1.0  1.7  0.0  1.0  1.6  1.4  0.0  1.3  1.4  
lý_lẽ       sự_thật      4.5  4.2  6.5  6.0  4.2  4.6  6.5  4.1  3.9  4.8  3.9  3.6  
bạo_lực     bạo_hành     9.0  8.8  6.8  7.5  9.4  9.0  8.0  8.6  8.4  8.8  8.3  8.4  
tâm_thần    thần_kinh    9.5  9.7  5.0  8.0  9.5  9.4  6.0  9.1  8.9  9.2  9.0  8.7  
toán_học    lý_thuyết    2.0  1.9  5.0  5.1  1.7  1.7  4.5  1.6  1.4  1.8  1.2  1.3  
cáo_trạng   bản_án       4.0  4.3  7.8  9.0  4.4  3.6  7.5  3.6  3.4  4.4  3.5  3.2  
thuận_lợi   an_toàn      6.5  5.8  4.0  6.5  6.0  6.8  5.0  6.1  5.9  6.8  5.8  5.9  
niềm_tin    bản_thân     2.5  2.1  2.0  3.6  2.6  2.9  3.0  2.1  1.9  2.6  1.9  2.9  
thị_giác    nhận_thức    3.5  3.2  4.0  3.6  3.0  3.4  3.0  3.1  2.9  3.8  2.8  2.9  
kỷ_nguyên   thập_kỷ      5.0  5.4  7.0  5.6  4.6  5.0  5.0  4.6  4.4  4.8  4.5  4.2  
tiểu_sử     tiểu_thuyết  6.0  6.2  5.0  2.6  6.2  5.6  2.0  5.6  5.4  5.5  5.2  5.3  
chương_trình_nghị_sựlý_lẽ        4.0  4.2  2.0  2.6  3.9  3.6  2.0  3.6  3.4  3.6  3.5  3.2  
mật_mã      ký_tự        2.5  1.9  4.8  4.6  2.9  2.8  4.0  2.1  1.9  2.1  1.8  1.9  
tai_ương    bệnh         3.5  3.1  6.0  6.6  3.6  3.5  6.0  3.1  2.9  3.6  2.9  2.6  
tai_nạn     hoạn_nạn     6.5  6.2  6.0  5.0  6.9  6.7  6.0  6.1  5.9  6.1  5.8  5.9  
hành_trình  lộ_trình     6.0  5.7  6.8  6.1  5.8  5.9  5.5  5.6  5.4  6.5  5.5  5.2  
hành_động   phong_trào   3.5  3.7  4.0  3.6  3.0  3.8  3.0  3.1  2.9  3.7  2.7  2.8  
tin_đồn     tin_tức      7.0  7.2  5.0  7.0  7.0  6.9  6.0  6.6  6.4  7.4  6.5  6.2  
cha         thánh_thần   2.0  1.5  2.0  4.6  2.2  2.0  4.0  1.6  1.4  2.1  1.3  1.4  
hành_vi     quá_trình    1.5  1.4  2.0  3.6  1.3  1.3  3.0  1.1  0.9  1.8  0.9  0.6  
cơn_sốt     căn_bệnh     5.5  5.7  7.3  7.0  5.7  5.4  7.0  5.1  4.9  5.2  4.8  4.9  
hàng_không  đường_bay    6.5  6.1  6.5  5.0  6.2  6.5  6.7  6.1  5.9  6.3  6.0  5.7  
trò_chơi    hành_vi      2.5  2.6  1.0  3.0  2.7  2.5  1.5  2.1  1.9  2.9  1.7  1.8  
phân_tử     không_khí    5.0  4.9  2.0  3.1  4.6  5.0  2.5  4.6  4.4  4.6  4.5  4.2  
gia_đình    nhà_nước     1.5  1.2  4.0  2.6  1.9  1.9  2.0  1.1  0.9  1.3  0.8  0.9  
từ          văn_học      4.5  4.6  6.0  5.6  5.0  4.1  5.0  4.1  3.9  4.1  3.9  3.6  
người_lớn   giám_hộ      2.5  1.9  6.0  3.6  2.4  2.9  3.0  2.1  1.9  2.7  1.8  1.9  
báo_chí     thông_tin    6.0  6.5  5.0  8.0  5.8  5.6  7.0  5.6  5.4  6.0  5.5  5.2  
hội_nghị    ti_vi        1.0  0.5  0.0  2.1  0.7  1.4  1.5  0.6  0.4  1.1  0.5  0.5  
chị_em      chú          3.5  3.4  1.0  2.6  3.5  3.1  2.0  3.1  2.9  3.9  3.0  2.7  
tác_giả     độc_giả      4.0  4.0  4.0  2.6  4.1  4.0  2.0  3.6  3.4  3.7  3.3  3.4  
anh_chàng   đối_tác      1.5  1.1  2.0  1.6  1.7  1.7  1.0  1.1  0.9  1.2  0.9  0.6  
vùng        xó           2.0  1.6  5.0  3.1  1.7  1.9  2.5  1.6  1.4  2.1  1.3  1.4  
nhạc_vàng   ca_khúc      4.5  4.7  5.5  7.0  4.6  4.6  7.0  4.1  3.9  4.6  4.0  3.7  
tường       hoa_văn      3.0  2.5  2.0  4.1  2.8  3.5  3.5  2.6  2.4  2.9  2.2  2.3  
từ          trang        4.0  4.2  3.0  3.6  4.0  4.0  3.0  3.6  3.4  3.8  3.5  3.2  
y_tá        nhà_khoa_học 3.5  3.1  4.0  3.0  3.3  3.7  2.0  3.1  2.9  3.8  2.8  2.9  
chính_trị_giachủ_tịch     7.5  7.2  5.0  5.5  7.6  7.1  6.0  7.1  6.9  7.3  6.9  6.6  
chủ_tịch    trưởng       8.0  7.6  6.5  5.5  7.9  7.6  5.0  7.6  7.4  7.7  7.3  7.4  
sách        tiểu_luận    3.5  3.1  6.0  6.5  3.6  3.1  4.5  3.1  2.9  3.6  3.0  2.7  
đàn_ông     chiến_sĩ     3.5  2.8  5.0  2.6  4.0  3.9  2.0  3.1  2.9  3.3  2.7  2.8  
bài         tạp_chí      4.5  4.8  5.0  6.5  4.2  4.3  6.0  4.1  3.9  4.5  4.0  3.7  
thức_ăn     ăn_uống      5.5  4.9  6.0  8.0  6.0  5.6  6.0  5.1  4.9  5.8  4.8  4.9  
đám         show         1.5  1.5  4.0  4.0  1.4  1.8  2.0  1.1  0.9  1.4  0.9  0.6  
gian        hành_lang    3.5  3.0  6.0  3.5  3.3  3.5  4.0  3.1  2.9  3.4  2.8  2.9  
giáo_viên   thầy_cúng    3.0  2.7  4.0  2.0  3.3  3.2  2.0  2.6  2.4  3.2  2.5  2.2  
hông        môi          3.5  2.9  1.8  3.5  3.2  3.4  1.5  3.1  2.9  3.3  2.7  2.8  
sách        bài          5.5  6.0  6.0  5.5  5.6  5.5  5.0  5.1  4.9  5.7  5.0  4.7  
phòng       ngăn         2.0  1.6  4.0  5.5  1.5  1.8  4.0  1.6  1.4  2.1  1.3  1.4  
hộp         gian_hàng    2.5  2.8  2.0  4.5  2.6  2.8  3.0  2.1  1.9  2.4  1.9  1.6  
con_gái     trẻ_con      3.5  3.4  5.5  7.0  3.7  3.1  5.0  3.1  2.9  3.8  2.8  2.9  
tứ_chi      chân         6.0  6.1  6.0  6.1  6.3  6.1  5.5  5.6  5.4  5.8  5.5  5.2  
gan         phổi         4.5  4.6  6.0  7.5  4.1  4.3  6.0  4.1  3.9  4.1  3.7  3.8  
phòng_thí_nghiệmhành_lang    3.0  2.5  2.0  1.0  2.9  2.7  1.0  2.6  2.4  2.9  2.5  2.2  
núi         gò           3.5  3.4  5.8  7.5  3.5  3.1  5.5  3.1  2.9  3.6  2.8  2.9  
xe_hơi      thang_máy    1.5  1.9  0.0  0.0  1.6  1.1  2.5  1.1  0.9  1.5  0.9  0.6  
giường      trường_kỷ    3.5  3.7  5.0  4.0  3.6  3.5  5.0  3.1  2.9  3.7  2.8  2.9  
quần_áo     khuy         5.5  5.3  5.0  5.0  5.6  5.4  3.0  5.1  4.9  5.7  5.0  4.7  
quần_áo     áo           6.0  5.3  6.5  6.6  6.4  6.3  6.0  5.6  5.4  6.1  5.2  5.3  
thận        phủ_tạng     5.5  5.1  5.5  6.5  5.9  5.4  5.5  5.1  4.9  5.8  5.0  4.7  
táo         nước_xốt     1.5  1.1  1.0  2.0  1.4  1.5  2.0  1.1  0.9  1.8  0.8  0.9  
gà          chả_lụa      3.5  3.4  4.0  4.0  3.5  3.8  4.0  3.1  2.9  3.7  2.9  2.6  
xe_hơi      vòi_nước     1.5  1.6  0.0  1.6  1.7  1.0  1.0  1.1  0.9  2.0  0.8  0.9  
thuốc_lá    điếu         4.5  4.6  6.8  6.5  4.7  4.4  5.0  4.1  3.9  5.0  4.0  3.7  
sinh_viên   giáo_sư      4.0  3.6  5.0  2.6  3.8  4.0  2.0  3.6  3.4  4.5  3.2  3.3  
thiếu_nhi   con_gái      2.0  1.9  4.0  3.6  2.1  1.6  3.0  1.6  1.4  2.2  1.5  1.2  
tẩu         xì_gà        4.5  4.6  5.3  5.6  4.9  4.3  5.0  4.1  3.9  4.3  3.8  3.9  
sữa         sinh_tố      3.5  2.9  5.0  4.6  3.1  3.4  4.0  3.1  2.9  3.6  2.9  2.6  
hộp         xì_gà        1.5  1.3  1.0  1.6  1.1  1.5  1.0  1.1  0.9  1.0  0.8  0.9  
căn_hộ      khách_sạn    3.5  3.7  6.0  5.1  3.4  3.3  4.5  3.1  2.9  3.9  3.0  2.7  
cốc         hình_nón     1.5  0.8  1.0  1.6  1.1  1.5  1.0  1.1  0.9  1.6  0.7  0.8  
trâu        lừa          4.0  4.2  5.0  5.0  3.8  3.9  4.0  3.6  3.4  3.6  3.5  3.2  
họng        mũi          4.5  4.1  5.0  7.0  4.9  4.7  5.0  4.1  3.9  4.3  3.8  3.9  
xương       hàm_răng     3.5  3.4  5.5  3.6  3.2  3.7  3.0  3.1  2.9  3.8  2.9  2.6  
xương       khuỷu        4.5  4.6  6.0  4.1  4.6  4.9  3.5  4.1  3.9  4.5  3.8  3.9  
giò         đậu          1.5  1.0  4.0  1.6  1.9  1.9  1.0  1.1  0.9  1.6  1.0  0.7  
cốc         lọ           4.0  4.0  5.3  6.5  3.7  3.9  5.0  3.6  3.4  4.5  3.2  3.3  
chứng_cứ    sự_thực      5.5  5.3  6.0  6.1  5.2  5.6  5.5  5.1  4.9  5.4  5.0  4.7  
điều_ước    mơ_ước       8.5  8.3  7.0  8.0  8.6  8.3  6.5  8.1  7.9  8.4  7.8  7.9  
sinh_nhật   năm          4.5  4.6  4.0  1.6  4.2  4.3  1.0  4.1  3.9  4.4  3.9  3.6  
từ          manh_mối     1.0  1.4  2.0  1.1  0.5  1.2  0.5  0.6  0.4  1.0  0.5  0.5  
tác_giả     nghệ_sĩ      3.5  3.7  5.0  7.0  3.6  3.2  5.0  3.1  2.9  3.9  3.0  2.7  
nguyên_tử   chì          5.0  4.4  1.0  2.6  5.3  4.9  2.0  4.6  4.4  4.8  4.2  4.3  
tổng_giám_mụcgiám_mục     6.0  5.7  5.0  8.5  5.8  5.9  7.5  5.6  5.4  6.3  5.5  5.2  
thư         đoạn         4.0  4.0  4.0  4.5  3.7  4.3  3.0  3.6  3.4  3.9  3.3  3.4  
trang       đoạn         4.5  4.5  6.5  5.5  4.8  4.3  3.5  4.1  3.9  4.8  3.9  3.6  
gác_chuông  miếu         1.5  1.0  6.0  6.5  1.2  1.5  5.5  1.1  0.9  2.0  0.8  2.2  
cơ_bắp      xương        3.0  3.1  5.0  4.0  2.9  3.1  3.4  2.6  2.4  2.8  2.5  2.2  
cơ_bắp      lưỡi         3.5  2.8  4.5  3.0  3.2  3.0  2.0  3.1  2.9  3.4  2.7  2.8  
trai        lính         4.0  4.1  5.0  4.5  3.6  3.6  2.5  3.6  3.4  4.1  3.5  3.2  
dạ          ổ_bụng       6.0  6.2  5.5  3.6  6.1  6.3  3.0  5.6  5.4  6.4  5.3  5.4  
anh_chàng   gái          2.0  1.9  3.0  3.5  2.5  2.1  2.5  1.6  1.4  2.4  1.4  1.1  
giường      ghế          3.5  3.5  5.5  6.5  3.8  3.6  4.5  3.1  2.9  3.5  2.8  2.9  
quần_áo     áo_choàng    5.5  5.1  5.8  5.6  5.6  5.1  5.0  5.1  4.9  5.4  5.0  4.7  
súng        dao          3.5  3.4  5.5  5.6  3.6  3.2  5.0  3.1  2.9  3.8  2.7  2.8  
thiếc       kim_loại     6.0  6.2  5.0  4.6  6.1  6.2  4.0  5.6  5.4  6.1  5.5  5.2  
chai        kiện         1.5  1.4  1.0  2.6  1.6  1.5  2.0  1.1  0.9  1.8  0.8  0.9  
gà_giò      gà_chọi      5.0  4.4  6.5  8.0  4.7  4.7  6.0  4.6  4.4  5.3  4.4  4.1  
thịt        bánh_dẻo     2.5  2.5  2.0  0.0  2.3  2.5  1.0  2.1  1.9  2.1  1.8  1.9  
tay         xương        5.0  5.4  4.0  3.6  5.1  4.8  3.0  4.6  4.4  5.1  4.5  4.2  
cổ          xương_sống   3.5  3.6  4.5  5.0  3.2  3.2  4.0  3.1  2.9  3.8  2.7  2.8  
táo         chanh        3.5  3.1  5.0  5.0  3.0  4.0  4.0  3.1  2.9  3.1  3.0  2.7  
nỗi_niềm    nỗi_lòng     8.5  8.2  6.5  7.0  8.2  8.8  8.0  8.1  7.9  8.7  7.8  7.9  
chức_năng   nhiệm_vụ     8.0  8.1  6.0  6.5  8.3  7.8  5.0  7.6  7.4  7.9  7.4  7.1  
ban_đêm     bình_minh    2.0  2.3  3.0  0.0  2.3  2.1  1.4  1.6  1.4  2.3  1.3  1.4  
bữa_ăn      cháo         6.0  5.7  5.0  4.6  6.2  6.0  4.0  5.6  5.4  6.3  5.5  5.2  
bắp_chân    bò_tót       1.0  1.2  1.0  1.0  1.4  1.4  1.0  0.6  0.4  1.1  0.5  0.5  
tuyết       bão          4.5  4.8  1.3  1.6  4.9  4.8  1.0  4.1  3.9  4.2  4.0  3.7  
móng        bàn_tay      5.5  5.2  7.0  4.6  5.7  5.8  4.0  5.1  4.9  5.8  4.8  4.9  
chó         trâu         3.0  2.5  3.0  5.5  2.8  3.4  4.0  2.6  2.4  3.5  2.4  2.1  
tay         cổ           3.5  3.7  3.0  2.6  3.9  3.8  2.0  3.1  2.9  3.8  2.8  2.9  
bóng        găng_tay     2.5  2.8  1.0  2.0  2.6  2.7  2.0  2.1  1.9  2.3  2.0  1.7  
cúm         cơn_sốt      4.5  4.1  5.0  5.6  4.5  4.0  5.0  4.1  3.9  4.8  3.7  3.8  
lệ_phí      lương        2.0  2.2  4.0  3.6  2.3  2.1  3.0  1.6  1.4  1.9  1.5  1.2  
dây_thần_kinhnão          5.5  4.9  6.5  7.0  5.7  5.7  6.0  5.1  4.9  5.9  4.8  4.9  
thú         động_vật     6.0  6.2  5.0  7.5  5.7  5.9  6.0  5.6  5.4  6.0  5.4  5.1  
bữa_ăn      gà           5.0  5.0  3.0  3.6  5.2  4.8  3.0  4.6  4.4  4.6  4.3  4.4  
gái         lễ_tân       2.5  2.5  3.0  3.6  2.4  2.4  3.0  2.1  1.9  2.7  2.0  3.0  
trẻ_em      trai         3.5  3.0  4.0  3.6  3.1  3.2  3.0  3.1  2.9  3.7  2.7  2.8  
cồn         rượu         7.0  6.6  7.0  7.5  6.8  6.9  8.5  6.6  6.4  7.1  6.5  6.2  
mũi         miệng        3.5  3.8  3.3  3.6  3.1  3.1  3.0  3.1  2.9  3.8  2.8  2.9  
đường_phố   xe_hơi       3.0  2.5  4.0  5.0  3.4  2.5  3.0  2.6  2.4  2.7  2.4  2.1  
chuông      cửa          1.5  1.3  2.0  1.6  1.0  1.2  1.0  1.1  0.9  1.9  0.8  0.9  
hộp         mũ           1.0  1.0  1.0  1.6  1.5  1.1  1.0  0.6  0.4  1.4  0.5  0.5  
đức_tin     ấn_tượng     2.0  1.5  0.0  1.6  1.7  1.9  1.0  1.6  1.4  2.1  1.2  1.3  
lệch_lạc    quan_điểm    4.0  3.5  2.0  3.6  3.6  4.3  3.0  3.6  3.4  3.6  3.5  3.2  
trí_nhớ     kiến_thức    3.5  3.0  5.0  6.5  3.2  3.2  5.0  3.1  2.9  3.7  2.8  2.9  
lôi_đình    tâm_trạng    5.5  5.0  2.0  4.5  5.6  5.2  4.0  5.1  4.9  5.8  4.9  4.6  
thanh_lịch  phong_cách   5.0  5.1  6.0  6.0  4.7  4.6  6.5  4.6  4.4  4.9  4.3  4.4  
sắc_đẹp     tuổi_tác     3.5  3.7  1.8  2.1  3.6  3.6  1.5  3.1  2.9  3.4  3.0  2.7  
sách        đề_tài       5.0  5.2  6.0  4.1  4.9  5.5  3.5  4.6  4.4  4.9  4.2  4.3  
bạn         mẹ           3.5  3.6  5.5  4.1  3.9  3.2  3.5  3.1  2.9  3.6  3.0  2.7  
vi_chất     sắt          3.5  3.8  3.0  5.5  3.7  3.4  4.5  3.1  2.9  3.8  2.8  2.9  
xe_hơi      nhà_máy      1.5  1.8  1.0  3.1  1.2  1.8  2.5  1.1  0.9  1.8  0.9  0.6  
hiệp_ước    điều_kiện    3.0  3.2  2.8  3.1  3.5  3.2  2.5  2.6  2.4  3.0  2.3  2.4  
chương      lựa_chọn     0.5  0.6  2.0  3.0  0.6  0.4  1.5  0.1  0.0  0.8  0.0  0.0  
số_học      nhịp         1.0  1.1  0.0  2.0  0.6  0.6  0.5  0.6  0.4  0.5  0.5  0.5  
quán_quân   biểu_hiện    1.5  1.1  0.0  1.6  1.9  1.9  1.0  1.1  0.9  1.6  1.0  0.7  
đức_tin     hoa          0.5  0.6  0.0  0.0  0.8  0.6  0.5  0.1  0.0  0.7  0.0  0.0  
quán_quân   mục_đích     1.0  1.3  5.0  3.0  1.4  1.4  2.5  0.6  0.4  0.6  0.5  0.5  
mưu_mẹo     cỡ           0.5  0.4  1.0  0.0  0.2  0.3  1.5  0.1  0.0  0.5  0.0  0.0  
lựa_chọn    mạch_máu     0.5  0.2  1.0  0.0  0.6  0.3  0.7  0.1  0.0  0.2  0.0  0.0  
thánh_ca    cuộc         0.5  0.0  0.0  0.0  0.2  0.5  0.3  0.1  0.0  0.6  0.0  0.0  
sức_bền     ban_nhạc     2.5  2.1  1.0  2.5  2.5  2.0  0.5  2.1  1.9  2.2  2.0  1.7  
nhà_tù      lựa_chọn     1.0  1.3  0.0  2.1  1.4  1.0  1.5  0.6  0.4  1.2  0.5  0.5  
điều_kiện   trai         0.5  0.7  0.0  2.0  0.6  0.7  1.0  0.1  0.0  1.0  0.0  0.0  
hoa         sức_bền      1.0  1.0  1.0  1.1  1.2  1.0  0.5  0.6  0.4  1.4  0.5  0.5  
lỗ_hổng     hiệp_định    1.5  1.8  2.0  1.1  1.9  1.4  0.5  1.1  0.9  1.4  1.0  0.7  
bác_sĩ      tính_tình    1.0  1.3  0.0  1.6  1.3  0.6  1.0  0.6  0.4  1.0  0.5  0.5  
anh_em      cửa          0.5  0.8  0.0  1.0  0.2  0.4  1.0  0.1  0.0  0.5  0.0  0.0  
nhiệm_vụ    phụ_nữ       1.5  0.9  0.0  1.6  1.5  1.9  1.0  1.1  0.9  1.7  0.8  0.9  
anh_em      bóng_chày    2.5  2.6  2.0  1.3  3.0  2.0  0.7  2.1  1.9  2.9  1.9  1.6  
phần_trăm   cỡ           3.5  3.1  3.0  2.3  3.4  3.3  1.7  3.1  2.9  3.5  2.8  2.9  
biểu_hiện   cửa          0.5  0.4  0.0  1.0  0.8  0.7  1.0  0.1  0.0  0.8  0.0  0.0  
chuột       quản_lý      1.0  1.2  0.0  1.1  0.6  1.3  0.5  0.6  0.4  1.3  0.5  0.5  
nhiệm_vụ    đường_cao_tốc 0.5  0.0  0.0  1.0  0.1  0.8  0.4  0.1  0.0  0.8  0.0  0.0  
chất_lỏng   thế_kỷ       0.5  0.8  0.0  1.0  0.4  1.0  0.4  0.1  0.0  0.1  0.0  0.0  
nhiệm_vụ    rơm          0.5  0.2  0.0  0.0  0.7  0.9  0.7  0.1  0.0  0.0  0.0  0.0  
đảo         nhiệm_vụ     1.5  1.7  0.0  1.4  1.7  1.4  0.8  1.1  0.9  1.4  0.8  0.9  
ban_đêm     chương       0.5  0.7  0.0  0.0  0.8  0.2  1.0  0.1  0.0  0.2  0.0  0.0  
ô_nhiễm     chủ_tịch     0.5  0.5  0.0  1.6  0.1  0.8  1.0  0.1  0.0  0.5  0.0  0.0  
súng        mưu_mẹo      0.5  0.2  0.0  2.0  0.6  1.0  1.5  0.1  0.0  0.2  0.0  0.0  
bồn_tắm     mưu_mẹo      0.5  0.3  0.0  0.0  0.1  0.5  1.0  0.1  0.0  0.1  0.0  0.0  
kiêng       táo          1.0  1.2  0.0  2.6  0.6  0.8  2.0  0.6  0.4  1.4  0.5  0.5  
phần_trăm   vợ           0.5  0.8  0.0  3.0  0.4  1.0  1.5  0.1  0.0  0.4  0.0  0.0  
chương      đuôi         0.5  0.7  0.0  1.2  0.7  0.6  0.6  0.1  0.0  0.6  0.0  0.0  
quá_trình   bụng         0.5  0.4  0.0  0.0  0.9  0.7  1.0  0.1  0.0  0.5  0.0  0.0  
thánh_ca    rơm          0.5  0.5  0.0  0.0  0.2  0.2  0.4  0.1  0.0  0.3  0.0  0.0  
nha_sĩ      đại_tá       3.5  3.0  2.0  1.0  3.9  3.3  0.4  3.1  2.9  3.8  2.8  2.9  
vợ          rơm          0.5  1.0  0.0  2.0  0.0  0.1  0.5  0.1  0.0  0.6  0.0  0.0  
lỗ_hổng     vợ           0.5  0.0  0.0  1.1  0.1  0.3  0.5  0.1  0.0  0.4  0.0  0.0  
học_sinh    chủ_tịch     3.5  3.7  1.0  1.4  3.3  3.0  0.8  3.1  2.9  3.0  3.0  2.7  
bồn_tắm     vợ           1.5  1.3  0.0  1.2  1.1  1.8  0.6  1.1  0.9  1.9  0.7  0.8  
người       phần_trăm    2.5  2.6  0.0  1.0  2.3  2.5  0.4  2.1  1.9  2.0  2.0  1.7  
công_thức   cây_gỗ       0.5  1.0  0.0  1.4  0.7  0.6  0.8  0.1  0.0  1.0  0.0  0.0  
phụ_nữ      lông         1.0  1.0  0.0  1.4  1.4  1.4  0.8  0.6  0.4  1.3  0.5  0.5  
táo         ánh_sáng     0.5  0.1  0.0  1.1  0.1  0.3  0.5  0.1  0.0  0.3  0.0  0.0  
súng        bình_minh    0.5  0.3  1.0  2.0  0.4  0.7  1.2  0.1  0.0  0.2  0.0  0.0  
bữa         eo           1.0  0.6  2.0  1.9  0.9  0.6  1.3  0.6  0.4  0.8  0.5  0.5  
máy_ảnh     chủ_tịch     1.5  1.5  0.0  1.0  1.6  1.7  0.4  1.1  0.9  1.6  1.0  0.7  
chất_lỏng   ban_nhạc     0.5  1.0  0.0  0.0  0.2  0.8  0.3  0.1  0.0  0.2  0.0  0.0  
bụng        mạch_máu     1.5  1.3  3.0  3.0  1.9  1.0  2.4  1.1  0.9  1.4  0.9  0.6  
súng        lông         0.5  0.3  0.0  0.0  0.3  0.4  0.5  0.1  0.0  0.9  0.0  0.0  
trường_kỷ   bóng_chày    1.5  1.3  2.0  2.0  1.3  1.3  0.9  1.1  0.9  1.6  1.0  0.7  
công_nhân   máy_ảnh      1.5  1.5  1.0  1.6  1.9  1.9  1.0  1.1  0.9  1.3  0.7  0.8  
boong       chuột        1.0  1.1  0.0  1.0  1.3  0.7  0.6  0.6  0.4  0.5  0.5  0.5  
gạo         trai         0.5  0.1  0.0  1.2  0.2  0.3  0.6  0.1  0.0  0.8  0.0  0.0  
người       súng         0.5  0.4  1.0  1.6  0.5  0.7  1.0  0.1  0.0  0.1  0.0  0.0  
sườn        đuôi         1.5  1.1  0.0  2.1  1.2  1.7  1.5  1.1  0.9  1.4  0.8  0.9  
mắt_cá      cửa_sổ       0.5  0.1  0.0  0.9  0.8  0.0  0.3  0.1  0.0  0.1  0.0  0.0  
công_chúa   đảo          0.5  0.5  0.0  1.2  0.0  0.9  0.6  0.1  0.0  0.4  0.0  0.0  
kiện        chuột        1.0  1.0  0.0  0.9  1.5  1.3  0.3  0.6  0.4  0.6  0.5  0.5  
toa_xe      kiện         1.5  0.9  3.0  2.1  2.0  1.9  1.5  1.1  0.9  1.6  0.8  0.9  
người       bóng_bay     0.5  0.4  0.0  1.1  0.6  0.1  0.5  0.1  0.0  0.6  0.0  0.0  
đô_la       người        1.0  1.2  1.0  1.3  1.0  0.8  0.7  0.6  0.4  1.3  0.5  0.5  
bồn_tắm     bóng_bay     1.5  2.0  0.0  0.0  1.5  1.4  0.8  1.1  0.9  1.3  1.0  0.7  
bụng        buồng        1.0  1.1  0.0  3.0  1.1  1.4  1.0  0.6  0.4  1.0  0.5  0.5  
xe_đạp      buồng        1.5  1.7  0.0  3.0  1.4  1.2  1.1  1.1  0.9  1.5  1.0  0.7  
cây_gỗ      bồn_tắm      1.5  1.7  0.0  1.2  1.9  1.1  0.6  1.1  0.9  1.5  0.8  0.9  
bát         đuôi         0.5  0.3  0.0  0.0  0.5  0.8  0.5  0.1  0.0  0.2  0.0  0.0  
đi          tới          8.5  8.5  7.0  5.6  8.6  8.5  5.0  8.1  7.9  8.4  7.8  7.9  
ăn_trộm     ăn_cắp       10.5 10.6 8.5  8.5  10.9 11.0 9.0  10.1 9.9  10.3 10.0 9.7  
lắng_nghe   nghe         7.5  7.6  8.5  9.0  7.4  7.2  8.5  7.1  6.9  7.9  6.7  6.8  
nghĩ        tranh_luận   2.0  2.1  5.0  5.5  1.7  2.4  5.0  1.6  1.4  2.5  1.5  1.2  
thực_hành   thực_thi     3.5  3.4  2.0  2.6  3.3  3.5  2.0  3.1  2.9  3.3  2.8  2.9  
triệt_tiêu  biến_mất     7.0  7.1  6.0  5.6  7.3  7.4  5.0  6.6  6.4  7.2  6.4  6.1  
nhân        chia         3.5  2.9  3.0  3.1  3.4  3.1  2.5  3.1  2.9  3.9  2.8  2.9  
van_nài     cầu_xin      8.5  8.4  8.0  9.5  8.2  8.0  9.0  8.1  7.9  8.7  8.0  7.7  
bắt_đầu     khởi_đầu     8.0  7.7  8.0  9.5  7.8  8.1  8.5  7.6  7.4  8.5  7.2  7.3  
bảo_vệ      che_chở      8.0  7.9  6.5  8.0  7.8  7.6  8.0  7.6  7.4  8.3  7.5  7.2  
giết        phá          5.5  5.3  6.0  6.5  5.2  5.6  6.0  5.1  4.9  6.0  4.8  4.9  
tạo         làm          7.5  7.1  5.0  7.0  7.8  7.1  7.0  7.1  6.9  7.2  6.9  6.6  
chấp_nhận   từ_chối      2.0  1.5  2.0  1.6  2.4  2.2  1.0  1.6  1.4  2.4  1.3  1.4  
bỏ_qua      tránh        7.0  7.1  6.5  6.5  7.0  7.1  5.0  6.6  6.4  6.9  6.5  6.2  
mang        cầm          8.0  7.7  6.0  7.0  7.6  8.2  7.0  7.6  7.4  8.4  7.2  7.3  
khởi_hành   vào          2.5  2.2  5.0  2.6  2.2  2.7  2.0  2.1  1.9  2.3  2.0  1.7  
chọn        bầu          7.5  7.2  6.0  5.6  7.8  7.2  5.0  7.1  6.9  7.9  6.8  6.9  
mất         hỏng         3.5  3.4  5.0  6.5  3.1  3.5  5.5  3.1  2.9  3.6  2.9  2.6  
giúp_đỡ     can_ngăn     4.5  4.8  4.0  4.0  4.4  4.1  4.0  4.1  3.9  4.7  3.8  3.9  
giành       tranh_giành  8.0  8.1  7.0  8.5  8.4  8.0  8.0  7.6  7.4  7.8  7.5  7.2  
làm         xây          7.5  7.4  4.0  5.5  7.0  7.9  6.5  7.1  6.9  7.0  6.7  6.8  
lắng_nghe   hoàn_thành   1.5  1.6  5.0  6.5  1.6  1.0  7.5  1.1  0.9  1.8  1.0  0.7  
thông_báo   cảnh_báo     5.5  5.1  6.5  5.0  5.9  5.6  6.7  5.1  4.9  5.2  4.8  4.9  
nhận        đưa          2.0  1.7  3.0  2.6  2.0  2.2  2.0  1.6  1.4  2.4  1.4  1.1  
mượn        cầu_xin      3.5  3.4  3.0  5.0  3.2  3.4  3.5  3.1  2.9  3.3  2.8  2.9  
ăn_trộm     giành_giật   4.0  4.0  4.0  4.0  4.3  3.8  2.3  3.6  3.4  4.3  3.5  3.2  
khuyên      gợi_ý        7.0  6.2  7.5  6.5  7.3  6.8  8.0  6.6  6.4  7.4  6.2  6.3  
mô_phỏng    miêu_tả      4.5  4.6  8.0  7.5  4.5  4.9  7.6  4.1  3.9  4.8  4.0  3.7  
thắng       thành_công   6.5  6.5  7.5  7.0  6.3  6.5  7.0  6.1  5.9  6.2  5.8  5.9  
nghĩ        quyết        4.0  4.3  6.0  5.6  3.6  4.1  5.0  3.6  3.4  4.2  3.4  3.1  
chào        gặp          3.5  3.7  6.5  3.5  3.8  3.7  4.0  3.1  2.9  3.3  2.8  2.9  
tán_thành   tranh_cãi    2.0  1.5  4.0  1.0  2.1  2.3  1.0  1.6  1.4  1.7  1.5  1.2  
thích       giải_trí     1.5  0.8  6.0  4.5  1.9  1.2  3.5  1.1  0.9  1.7  0.7  0.8  
phá         làm          2.0  2.0  2.0  2.5  2.0  2.4  1.5  1.6  1.4  2.1  1.5  1.2  
tiết_kiệm   bảo_vệ       1.5  1.6  5.0  4.5  1.1  1.3  3.0  1.1  0.9  1.2  0.8  0.9  
đưa         biếu         5.5  5.1  6.5  5.1  6.0  5.7  4.5  5.1  4.9  5.9  4.9  4.6  
hiểu        biết         4.0  3.6  7.5  7.5  4.2  4.4  8.5  3.6  3.4  3.9  3.3  3.4  
ăn_trộm     nhận         1.5  1.9  2.0  3.0  1.0  1.8  2.0  1.1  0.9  1.9  1.0  0.7  
chấp_nhận   công_nhận    7.5  7.3  7.0  7.0  7.4  7.1  7.5  7.1  6.9  7.2  6.7  6.8  
quyết       chọn         8.0  7.7  5.5  6.0  8.0  7.6  5.0  7.6  7.4  7.8  7.5  7.2  
chấp_nhận   tin_tưởng    3.5  3.7  6.0  5.1  3.7  3.8  4.5  3.1  2.9  3.9  2.8  2.9  
giữ         có           3.5  3.5  6.5  4.5  3.3  3.8  5.0  3.1  2.9  3.2  2.9  2.6  
lang_thang  lầm_đường    4.0  3.7  6.0  3.6  3.5  4.2  3.0  3.6  3.4  4.4  3.3  3.4  
thành_công  hỏng         1.5  1.4  3.0  1.6  1.1  1.8  1.0  1.1  0.9  1.7  1.0  0.7  
tiêu        tiết_kiệm    5.5  5.5  4.0  3.0  5.2  5.5  2.2  5.1  4.9  5.1  4.7  4.8  
khởi_hành   đi           3.5  3.8  7.0  8.0  3.5  3.3  6.5  3.1  2.9  3.4  3.0  2.7  
tới         có_mặt       8.0  7.4  6.0  6.5  8.5  8.4  6.0  7.6  7.4  8.4  7.3  7.4  
biết        tin_tưởng    4.5  4.7  6.0  5.5  5.0  4.3  4.0  4.1  3.9  4.4  3.9  3.6  
họp         gặp          7.5  7.1  6.5  5.5  7.7  7.7  4.5  7.1  6.9  7.6  6.8  6.9  
làm         kiếm         7.0  6.6  4.0  5.0  7.0  7.0  4.0  6.6  6.4  6.9  6.5  6.2  
quên        bỏ_qua       6.0  5.5  6.0  5.6  6.2  5.8  5.0  5.6  5.4  5.8  5.2  5.3  
nhân        cộng         3.5  3.2  5.0  2.6  3.9  3.3  2.0  3.1  2.9  3.5  3.0  2.7  
thụt_lùi    phát_triển   2.0  1.4  3.0  3.0  2.2  1.5  1.0  1.6  1.4  2.3  1.3  1.4  
đến         khởi_hành    2.5  2.9  3.0  3.6  2.9  2.2  3.0  2.1  1.9  2.2  1.9  1.6  
thành_công  thử          1.5  1.4  2.0  4.6  1.4  1.7  4.0  1.1  0.9  1.0  0.8  0.9  
chấp_nhận   phủ_nhận     2.0  2.2  3.0  2.0  2.0  2.3  2.0  1.6  1.4  1.8  1.5  1.2  
đến         tới          10.5 10.7 7.5  8.5  10.1 10.9 8.0  10.1 9.9  10.5 10.0 9.7  
tán_thành   khác         2.0  2.4  0.0  1.6  1.5  1.6  1.0  1.6  1.4  1.8  1.5  1.2  
gửi         nhận         2.0  1.5  4.0  4.5  2.0  2.2  3.0  1.6  1.4  2.3  1.3  1.4  
thắng       thống_trị    4.0  3.8  2.3  2.6  3.9  4.0  2.0  3.6  3.4  4.0  3.4  3.1  
cộng        chia         3.5  3.0  5.0  2.6  3.3  3.7  2.0  3.1  2.9  3.9  2.8  2.9  
giết        bóp_cổ       7.0  7.0  6.5  5.6  7.3  7.4  5.0  6.6  6.4  7.0  6.5  6.2  
tiếp_nhận   lấy          3.5  3.2  7.0  4.6  3.7  3.5  4.0  3.1  2.9  3.8  2.7  2.8  
tham_dự     tham_gia     7.5  7.1  8.0  7.5  7.0  7.4  8.0  7.1  6.9  8.0  7.0  6.7  
khởi_hành   tồn_tại      1.5  1.4  0.0  2.0  1.7  1.1  2.0  1.1  0.9  1.7  0.8  0.9  
đi          vào          4.0  4.0  6.0  4.6  4.5  4.0  4.0  3.6  3.4  4.1  3.4  3.1  
ăn_trộm     mang         1.5  1.8  3.0  3.6  1.6  1.7  3.0  1.1  0.9  1.6  0.8  0.9  
quên        học          1.0  1.0  2.0  2.0  1.5  1.1  3.0  0.6  0.4  0.9  0.5  0.5  
bổ_nhiệm    bầu          8.5  8.0  8.0  9.0  8.6  8.1  7.0  8.1  7.9  8.3  7.7  7.8  
đính_hôn    kết_hôn      7.0  7.0  7.5  8.5  7.3  6.9  7.0  6.6  6.4  7.0  6.5  6.2  
hỏi         cầu_nguyện   1.0  1.3  3.0  4.5  0.6  1.5  3.0  0.6  0.4  1.3  0.5  0.5  
đi          gửi          2.5  2.0  2.0  4.0  2.9  2.5  2.0  2.1  2.0  2.4  1.9  1.9  
ăn_trộm     giao         1.5  1.7  2.0  1.6  1.4  1.0  1.0  1.1  0.9  1.6  0.8  0.9  
diễn_thuyết nghe         2.0  2.0  4.0  3.0  1.8  1.9  1.0  1.6  1.4  2.4  1.5  1.2  
phân_tích   ước_lượng    3.5  3.3  6.0  4.6  3.5  3.7  4.0  3.1  2.9  3.0  2.7  2.8  
tranh_cãi   tranh_luận   6.5  7.0  6.5  7.0  6.2  6.9  8.5  6.1  5.9  6.4  6.0  5.7  
mất         giữ          2.0  2.2  3.0  2.0  1.6  2.1  2.0  1.6  1.4  2.1  1.3  1.4  
so_sánh     phân_tích    3.5  3.9  6.5  6.0  3.1  3.6  6.0  3.1  2.9  3.8  2.9  2.6  
phá_hoại    tổ_chức      2.0  1.9  3.0  1.0  2.3  2.3  1.6  1.6  1.4  1.9  1.3  1.4  
đi          thừa_nhận    1.5  1.5  0.0  3.0  1.0  1.1  2.0  1.1  0.9  1.6  1.0  0.7  
ăn_trộm     có           2.5  2.0  2.0  0.0  2.0  2.8  1.0  2.1  1.9  2.2  1.7  1.8  
học         lắng_nghe    5.0  4.8  6.0  4.5  5.4  4.9  4.6  4.6  4.4  4.9  4.5  4.2  
phá         xây          2.0  2.0  1.0  1.6  2.1  1.7  1.0  1.6  1.4  2.2  1.3  1.4  
tạo         gây_dựng     8.5  8.5  6.0  7.0  8.5  8.1  7.0  8.1  7.9  8.8  7.9  7.6  
ăn_cắp      mua          2.0  2.1  1.0  2.0  1.7  1.8  3.0  1.6  1.4  2.3  1.3  1.4  
giết        treo         2.5  2.4  2.0  1.2  2.6  2.9  0.6  2.1  1.9  2.3  2.0  1.7  
quên        biết         2.0  1.8  2.0  1.6  1.8  2.0  1.0  1.6  1.4  2.4  1.2  1.3  
tạo         tưởng_tượng  6.0  6.2  1.3  1.6  6.2  6.1  1.0  5.6  5.4  5.8  5.5  5.2  
thực_hiện   thực_thi     8.0  8.1  7.0  6.5  8.1  8.2  8.0  7.6  7.4  8.0  7.3  7.4  
thắng       tranh_giành  4.5  4.8  6.0  6.0  4.8  5.0  5.0  4.1  3.9  4.4  3.9  3.6  
đưa         phủ_nhận     1.0  1.2  1.0  2.0  1.4  1.3  1.0  0.6  0.4  1.1  0.5  0.5  
xứng_đáng   kiếm         1.5  1.5  1.0  1.6  1.0  1.4  1.0  1.1  0.9  1.4  1.0  0.7  
lấy         đặt          2.0  2.2  2.0  5.0  2.1  2.2  4.0  1.6  1.4  1.8  1.2  1.3  
định_vị     tìm          6.0  6.0  6.0  5.6  6.0  6.1  5.0  5.6  5.4  5.6  5.5  5.2  
xuất_hiện   có_mặt       7.5  7.2  7.0  7.5  7.7  7.6  7.0  7.1  6.9  7.5  6.8  6.9  
biết        bao_hàm      1.5  1.5  2.0  1.0  1.8  1.4  1.0  1.1  0.9  1.3  0.9  0.6  
giả_vờ      tưởng_tượng  3.5  2.8  1.0  1.0  3.8  3.1  1.0  3.1  2.9  3.7  2.8  2.9  
hài_lòng    làm_ơn       1.5  1.4  6.0  3.6  1.1  1.6  3.0  1.1  0.9  1.9  1.0  0.7  
yêu_mến     giữ          1.5  1.4  2.3  0.0  1.6  1.6  2.0  1.1  0.9  1.3  0.7  0.8  
tranh_cãi   khác         6.5  6.0  4.3  4.6  6.8  6.0  4.0  6.1  5.9  6.9  6.0  5.7  
khắc_phục   thống_trị    1.5  1.1  2.0  1.6  1.7  1.3  1.0  1.1  0.9  1.8  0.8  0.9  
cư_xử       hoàn_thành   1.0  1.0  4.0  5.5  0.8  1.3  5.0  0.6  0.4  1.2  0.5  0.5  
hợp_tác     tham_dự      3.5  3.5  5.6  6.0  3.3  3.9  5.0  3.1  2.9  3.4  2.8  2.9  
giành       thử          1.5  1.7  2.0  1.6  1.1  1.3  1.0  1.1  0.9  1.5  1.0  0.7  
hỏng        can_ngăn     1.0  0.6  0.0  0.0  1.0  1.0  2.0  0.6  0.4  1.5  0.5  0.5  
bắt_đầu     từ_bỏ        2.0  2.3  1.0  1.0  2.5  2.4  1.0  1.6  1.4  2.3  1.5  1.2  
nói         tham_dự      1.0  0.7  1.0  1.0  1.2  0.9  1.2  0.6  0.4  1.1  0.5  0.5  
tới         cầm          2.5  2.3  0.0  0.0  2.2  2.9  1.5  2.1  1.9  2.5  1.9  1.6  
trình_bày   công_bố      4.0  3.6  7.0  4.6  4.3  3.8  4.0  3.6  3.4  3.9  3.3  3.4  
đọc         bao_hàm      1.5  1.4  1.0  1.6  1.5  1.6  1.0  1.1  0.9  2.0  1.0  0.7  
ăn_trộm     khởi_hành    1.0  1.0  1.0  0.0  0.5  1.3  1.0  0.6  0.4  1.0  0.5  0.5  
tuyên_bố    công_bố      8.0  7.7  8.0  6.6  7.8  7.9  6.0  7.6  7.4  8.3  7.5  7.2  
tiếp_nhận   giành_giật   1.5  1.2  6.0  6.0  1.6  1.9  5.0  1.1  0.9  1.9  0.8  2.2  
kết_luận    quyết        5.5  5.0  4.3  4.6  5.8  5.2  4.0  5.1  4.9  5.5  4.9  4.6  
làm_ơn      van_nài      6.0  6.2  2.0  7.0  5.8  5.8  5.0  5.6  5.4  6.0  5.3  5.4  
tranh_cãi   chứng_tỏ     1.5  1.2  4.5  3.0  1.7  2.0  4.0  1.1  0.9  1.7  1.0  0.7  
hỏi         van_nài      3.5  2.9  6.0  3.5  3.3  3.0  5.5  3.1  2.9  3.9  2.7  2.8  
tìm         biến_mất     1.5  1.6  2.0  3.0  1.7  1.5  1.0  1.1  0.9  1.9  1.0  0.7  
thanh_tra   xem_xét      8.0  7.8  6.5  5.5  7.6  8.0  5.0  7.6  7.4  8.0  7.3  7.4  
kiểm_chứng  biện_hộ      5.5  4.9  6.0  4.5  5.1  5.0  3.0  5.1  4.9  5.4  4.9  4.6  
giả_bộ      dự_đoán      1.0  0.9  4.0  3.0  0.7  0.8  1.0  0.6  0.4  1.5  0.5  0.5  
học         ước_lượng    1.5  1.6  4.0  1.6  1.4  1.4  1.0  1.1  0.9  2.0  1.0  0.7  
tranh_cãi   biện_hộ      6.5  6.1  6.0  7.0  6.3  6.0  6.0  6.1  5.9  6.7  5.7  5.8  
làm         trở_nên      3.5  4.0  2.0  3.0  3.3  3.1  4.0  3.1  2.9  3.7  3.0  2.7  
tiết_lộ     khởi_đầu     1.0  0.5  4.0  0.0  1.0  1.5  1.0  0.6  0.4  1.4  0.5  0.5  
giành       thành_công   3.5  3.6  4.0  3.6  4.0  3.6  3.0  3.1  2.9  3.2  2.9  2.6  
đưa         đặt          2.5  2.5  6.0  3.6  2.2  2.7  3.0  2.1  1.9  2.2  1.8  1.9  
hiểu        lắng_nghe    4.0  3.8  7.0  4.5  3.7  4.1  4.0  3.6  3.4  4.1  3.5  3.2  
mở_rộng     phát_triển   8.0  7.2  7.0  7.0  8.5  8.1  7.0  7.6  7.4  7.6  7.2  7.3  
mượn        bán          2.5  2.1  4.0  2.0  2.0  2.4  2.0  2.1  1.9  2.0  2.0  2.5  
giữ         bảo_vệ       4.0  3.3  7.5  5.5  4.3  4.1  5.0  3.6  3.4  3.7  3.3  3.4  
giải_thích  chứng_tỏ     5.0  4.6  7.5  4.5  5.4  4.7  4.5  4.6  4.4  5.2  4.4  4.1  
giả_bộ      giả_vờ       10.0 10.3 8.0  8.5  9.5  10.2 8.5  9.6  9.4  9.8  9.5  9.2  
tán_thành   làm_ơn       1.5  1.7  4.0  1.6  1.3  1.2  1.0  1.1  0.9  1.1  1.0  0.7  
tha_thứ     quên         3.5  2.9  6.0  4.6  3.5  3.7  4.0  3.1  2.9  3.2  2.7  2.8  
giảng_giải  giải_thích   8.5  8.1  7.3  7.6  8.5  8.6  7.0  8.1  7.9  8.2  8.0  7.7  
hiểu        tha_thứ      1.5  1.3  6.0  3.5  1.8  1.9  5.5  1.1  0.9  1.9  0.8  0.9  
nhớ         quên         2.0  2.2  3.0  3.0  1.8  2.1  1.0  1.6  1.4  1.5  1.4  1.1  
lấy         tồn_tại      1.0  0.5  2.0  1.0  1.0  0.5  2.0  0.6  0.4  1.2  0.5  0.5  
hình_dung   tiết_lộ      0.5  0.4  2.0  4.0  0.5  0.5  2.0  0.1  0.0  0.2  0.0  0.0  
yêu_cầu     hỏi_thăm     1.0  0.7  3.0  1.4  1.3  1.5  0.8  0.6  0.4  0.7  0.5  0.5  
bỏ_qua      hỏi          2.0  1.8  3.0  0.0  2.3  2.5  2.0  1.6  1.4  1.6  1.5  1.2  
nghĩ        hỏi_thăm     1.0  1.3  2.3  2.0  1.0  0.5  2.0  0.6  0.4  1.2  0.5  0.5  
từ_chối     tránh        7.5  7.3  7.0  4.0  7.4  7.8  4.0  7.1  6.9  7.1  6.9  6.6  
tranh_cãi   xúi_giục     1.0  1.4  2.0  0.0  1.3  0.7  2.0  0.6  0.4  1.3  0.5  0.5  
theo_đuổi   xúi_giục     1.0  1.2  0.0  0.0  0.6  0.7  1.5  0.6  0.4  0.9  0.5  0.5  
chấp_nhận   tha_thứ      5.0  4.3  6.0  3.5  5.3  4.8  5.0  4.6  4.4  4.5  4.2  4.3  
thực_hiện   từ_bỏ        0.5  1.0  0.5  2.1  2.1  1.7  1.5  1.6  1.4  1.0  1.5  1.2  
tìm_hiểu    xem_xét      5.5  5.1  7.0  6.5  5.6  5.3  7.0  5.1  4.9  5.6  4.8  4.9  
bàn_luận    giải_thích   3.0  3.2  6.0  5.5  3.3  3.4  6.0  2.6  2.4  3.0  2.4  2.1  
nợ          biếu         1.5  0.9  2.0  2.3  1.1  1.3  1.7  1.1  0.9  1.1  0.8  0.9  
khám_phá    tiết_lộ      1.0  1.2  3.3  3.0  1.0  1.0  3.0  0.6  0.4  1.1  0.5  0.5  
phàn_nàn    tranh_cãi    2.5  2.0  4.0  3.6  2.8  2.4  3.0  2.1  1.9  2.5  1.7  1.8  
rút_lui     từ_chối      6.5  6.7  5.0  6.5  6.9  6.5  5.0  6.1  5.9  6.9  6.0  5.7  
giữ         mượn         2.5  1.9  1.0  2.4  2.1  2.9  1.8  2.1  1.9  2.0  1.8  1.9  
cầu_xin     hỏi          1.5  1.0  3.0  5.0  1.7  1.5  4.0  1.1  0.9  1.5  0.9  0.6  
sắp_xếp     tổ_chức      4.0  4.2  6.0  6.0  4.0  4.3  6.0  3.6  3.4  4.5  3.3  3.4  
giảm        thụt_lùi     9.0  8.8  6.0  7.5  9.4  8.8  6.7  8.6  8.4  8.6  8.5  8.2  
diễn_thuyết công_nhận    2.5  2.2  2.0  1.6  2.4  2.2  1.0  2.1  1.9  2.5  1.7  1.8  
đưa         mượn         1.5  1.1  4.0  3.0  1.0  1.5  2.5  1.1  0.9  1.8  1.0  0.7  
giết        che_chở      1.0  2.2  1.0  1.0  1.8  1.7  1.0  1.6  1.4  2.2  1.3  1.4  
biến_mất    thụt_lùi     3.0  2.7  3.0  5.1  3.5  2.8  4.5  2.6  2.4  3.2  2.4  2.1  
giao        mang         1.5  1.2  2.3  2.6  1.2  1.8  2.0  1.1  0.9  1.6  0.8  0.9  
thở         bóp_cổ       1.0  1.0  2.0  2.2  0.9  1.4  1.6  0.6  0.4  0.9  0.5  0.5  
công_nhận   cảnh_báo     1.0  0.7  0.0  3.5  1.3  1.5  3.0  0.6  0.4  0.7  0.5  0.5  
trở_nên     hình_như     8.5  8.7  1.0  0.0  8.4  8.5  1.6  8.1  7.9  8.8  8.0  7.7  
giả_vờ      hình_như     1.0  1.2  3.0  2.4  0.9  1.0  1.8  0.6  0.4  0.6  0.5  0.5  
tranh_giành trở_nên      1.5  1.5  1.0  0.0  1.2  1.4  2.0  1.1  0.9  1.8  0.9  0.6  
ngắm        nghĩ         1.0  1.2  5.0  4.6  0.6  1.4  4.0  0.6  0.4  0.9  0.5  0.5  
xác_định    dự_đoán      3.5  3.6  6.0  5.1  3.4  3.3  4.5  3.1  2.9  3.4  3.0  2.7  
làm_ơn      giải_trí     0.5  0.4  0.0  0.0  0.8  0.0  1.0  0.1  0.0  0.1  0.0  0.0  
tồn_tại     lưu_giữ      1.0  1.4  2.0  5.6  1.3  1.4  5.0  0.6  0.4  0.5  0.5  0.5  
giả_vờ      miêu_tả      0.5  0.3  0.0  0.0  0.3  0.5  0.9  0.1  0.0  0.9  0.0  0.0  
quên        lưu_giữ      1.5  1.7  0.0  2.0  1.9  1.0  1.0  1.1  0.9  1.7  0.9  0.6  
muốn        chọn         6.5  6.0  6.0  3.6  6.6  7.0  3.0  6.1  5.9  6.4  5.8  5.9  
mất         lấy          3.0  2.6  1.0  1.6  2.7  3.0  1.0  2.6  2.4  3.1  2.5  2.2  
thử         nghĩ         1.5  1.5  3.0  3.0  1.1  1.2  1.7  1.1  0.9  1.6  0.7  0.8  
trở_nên     xuất_hiện    1.0  1.4  4.3  4.6  1.3  1.3  4.0  0.6  0.4  0.8  0.5  0.5  
khởi_hành   bỏ_qua       1.5  1.2  1.0  0.0  1.2  1.2  1.0  1.1  0.9  1.4  0.8  0.9  
chấp_nhận   gợi_ý        1.0  1.0  1.0  1.0  1.2  1.2  2.0  0.6  0.4  1.5  0.5  0.5  
khởi_hành   lầm_đường    2.0  2.2  2.0  2.0  1.6  2.1  3.0  1.6  1.4  2.4  1.3  1.4  
giữ         đưa          2.0  2.0  3.0  1.6  1.7  1.6  1.0  1.6  1.4  2.4  1.5  1.2  
đưa         thừa_nhận    0.5  0.4  4.0  1.0  0.0  0.7  1.5  0.1  0.0  0.6  0.0  0.0  
cầm         gửi          2.5  2.4  4.0  1.6  2.7  2.5  1.0  2.1  1.9  2.4  2.0  1.7  
hấp_thụ     học          3.5  3.5  4.0  2.4  3.5  4.0  1.8  3.1  2.9  3.5  2.8  2.9  
tiếp_nhận   tìm          1.5  1.6  2.0  1.6  1.5  1.7  1.0  1.1  0.9  2.0  0.9  0.6  
khởi_hành   xuất_hiện    1.0  1.1  2.0  1.1  1.2  0.7  0.5  0.6  0.4  0.8  0.5  0.5  
tạo         phá          2.0  1.9  1.0  1.3  2.4  1.7  0.7  1.6  1.4  1.6  1.5  1.2  
bắt_đầu     đi           1.5  0.7  2.0  4.6  1.8  1.7  4.0  1.1  0.9  1.1  0.7  0.8  
lấy         mua          6.5  6.8  3.0  3.5  6.0  6.6  5.0  6.1  5.9  6.0  6.0  5.7  
thu_thập    tiết_kiệm    1.5  1.2  3.0  2.6  1.8  1.5  2.0  1.1  0.9  1.7  0.8  0.9  
thay_thế    khôi_phục    3.5  3.1  4.3  2.0  3.8  4.0  4.0  3.1  2.9  4.0  2.9  2.6  
tham_gia    cộng         3.0  2.7  2.0  3.6  2.8  2.7  3.0  2.6  2.4  3.2  2.3  2.4  
tham_gia    kết_hôn      1.5  1.7  1.0  2.6  1.8  1.9  2.0  1.1  0.9  2.0  1.0  0.7  
chấp_nhận   giao         1.0  0.9  2.0  0.0  1.1  1.0  1.0  0.6  0.4  1.2  0.5  0.5  
gắn         tham_gia     1.5  1.8  1.0  4.0  1.4  1.3  2.0  1.1  0.9  2.0  1.0  0.7  
đặt         treo         3.5  3.0  4.0  3.6  3.9  3.5  3.0  3.1  2.9  3.8  2.8  2.9  
đi          bán          1.5  1.0  2.0  1.6  1.6  1.8  1.0  1.1  0.9  1.7  0.9  0.6  
giao_tiếp   cầu_nguyện   2.0  2.2  2.0  3.5  2.0  1.8  2.0  1.6  1.4  1.6  1.3  1.4  
đưa         ăn_cắp       2.0  1.6  0.0  2.0  2.2  2.1  0.8  1.6  1.4  2.1  1.5  1.2  
cộng        gây_dựng     0.5  0.6  2.0  3.0  0.1  0.7  1.5  0.1  0.0  0.3  0.0  0.0  
cầm         khôi_phục    0.5  0.0  2.0  2.6  0.5  0.2  2.0  0.1  0.0  0.4  0.0  0.0  
bao_hàm     hài_lòng     1.0  0.6  0.0  3.0  0.8  1.0  1.0  0.6  0.4  0.7  0.5  0.5  
miêu_tả     quyết        0.5  0.2  0.0  1.2  0.5  0.7  0.6  0.1  0.0  0.4  0.0  0.0  
tổ_chức     trở_nên      1.5  1.1  0.0  4.0  1.7  1.9  2.0  1.1  0.9  1.3  0.8  0.9  
đưa         biết         0.5  0.3  1.0  1.0  0.5  0.6  1.0  0.1  0.0  0.3  0.0  0.0  
nói         kiểm_chứng   4.0  3.3  4.5  3.6  4.4  4.5  3.0  3.6  3.4  4.2  3.2  3.3  
hợp_tác     tham_gia     3.5  3.7  5.0  7.0  3.3  3.8  5.5  3.1  2.9  3.0  3.0  2.7  
sắp_xếp     yêu_cầu      1.5  1.1  4.0  2.4  1.6  1.5  1.8  1.1  0.9  1.7  0.8  0.9  
mượn        muốn         3.5  3.2  2.3  2.6  3.1  3.2  2.0  3.1  2.9  3.6  2.9  2.6  
tìm_hiểu    theo_đuổi    8.0  8.2  2.3  2.6  7.8  7.6  2.0  7.6  7.4  7.7  7.3  7.4  
bỏ_qua      khám_phá     2.0  1.9  0.0  0.0  1.7  1.7  0.5  1.6  1.4  2.1  1.5  1.2  
cầm         phàn_nàn     0.5  0.3  0.0  0.0  0.7  0.7  0.8  0.1  0.0  0.8  0.0  0.0  
vào         nợ           1.0  1.3  0.0  1.0  1.2  1.3  0.4  0.6  0.4  0.9  0.5  0.5  
miêu_tả     cảnh_báo     3.5  3.5  2.0  1.6  3.1  4.0  1.0  3.1  2.9  3.2  2.8  2.9  
nhớ         bán          0.5  0.0  2.0  1.0  0.4  0.4  0.9  0.1  0.0  0.6  0.0  0.0  
hấp_thụ     có           1.5  0.9  4.0  1.6  1.8  1.3  1.0  1.1  0.9  1.3  0.8  0.9  
tham_gia    tiếp_nhận    5.5  5.3  2.8  3.1  5.7  5.4  2.5  5.1  4.9  5.4  5.0  4.7  
gửi         có_mặt       1.0  1.4  3.0  1.6  1.2  0.6  1.0  0.6  0.4  1.3  0.5  0.5  
họp         có_mặt       6.5  6.9  4.0  2.6  6.4  6.8  2.0  6.1  5.9  7.0  6.0  5.7  
hấp_thụ     rút_lui      0.5  0.2  2.0  2.0  0.1  0.7  1.0  0.1  0.0  0.7  0.0  0.0  
có_mặt      đến          8.5  8.5  6.0  8.5  8.4  8.1  7.0  8.1  7.9  8.3  7.9  7.6  
